sensor_id;sensor_type;location;lat;lon;timestamp;temperature;humidity
34107;DHT22;20389;47.07779590;15.40704690;2021-03-14T00:00:58;7.80;67.00
34107;DHT22;20389;47.07779590;15.40704690;2021-03-14T00:03:25;7.80;67.10
34107;DHT22;20389;47.07779590;15.40704690;2021-03-14T00:05:52;7.80;67.00
34107;DHT22;20389;47.07779590;15.40704690;2021-03-14T00:08:19;7.80;67.10
34107;DHT22;20389;47.07779590;15.40704690;2021-03-14T00:10:57;7.80;67.40
34107;DHT22;20389;47.07779590;15.40704690;2021-03-14T00:13:27;7.70;67.60
34107;DHT22;20389;47.07779590;15.40704690;2021-03-14T00:15:54;7.70;67.80
34107;DHT22;20389;47.07779590;15.40704690;2021-03-14T00:18:21;7.80;67.70
34107;DHT22;20389;47.07779590;15.40704690;2021-03-14T00:20:47;7.70;67.60
34107;DHT22;20389;47.07779590;15.40704690;2021-03-14T00:23:12;7.70;67.60
34107;DHT22;20389;47.07779590;15.40704690;2021-03-14T00:25:38;7.80;67.90
34107;DHT22;20389;47.07779590;15.40704690;2021-03-14T00:28:05;7.80;67.70
34107;DHT22;20389;47.07779590;15.40704690;2021-03-14T00:30:31;7.70;68.20
34107;DHT22;20389;47.07779590;15.40704690;2021-03-14T00:32:57;7.70;68.40
34107;DHT22;20389;47.07779590;15.40704690;2021-03-14T00:35:23;7.70;68.50
34107;DHT22;20389;47.07779590;15.40704690;2021-03-14T00:37:49;7.60;68.70
34107;DHT22;20389;47.07779590;15.40704690;2021-03-14T00:40:15;7.60;69.00
34107;DHT22;20389;47.07779590;15.40704690;2021-03-14T00:42:41;7.60;69.20
34107;DHT22;20389;47.07779590;15.40704690;2021-03-14T00:45:08;7.60;69.50
34107;DHT22;20389;47.07779590;15.40704690;2021-03-14T00:47:34;7.50;69.80
34107;DHT22;20389;47.07779590;15.40704690;2021-03-14T00:50:01;7.60;69.40
34107;DHT22;20389;47.07779590;15.40704690;2021-03-14T00:52:27;7.60;69.40
34107;DHT22;20389;47.07779590;15.40704690;2021-03-14T00:54:52;7.50;69.90
34107;DHT22;20389;47.07779590;15.40704690;2021-03-14T00:57:18;7.50;70.00
34107;DHT22;20389;47.07779590;15.40704690;2021-03-14T00:59:44;7.60;70.00
34107;DHT22;20389;47.07779590;15.40704690;2021-03-14T01:02:09;7.50;70.20
34107;DHT22;20389;47.07779590;15.40704690;2021-03-14T01:04:35;7.50;70.30
34107;DHT22;20389;47.07779590;15.40704690;2021-03-14T01:07:00;7.60;70.30
34107;DHT22;20389;47.07779590;15.40704690;2021-03-14T01:09:26;7.60;70.00
34107;DHT22;20389;47.07779590;15.40704690;2021-03-14T01:11:52;7.60;70.40
34107;DHT22;20389;47.07779590;15.40704690;2021-03-14T01:14:18;7.60;70.10
34107;DHT22;20389;47.07779590;15.40704690;2021-03-14T01:16:43;7.60;70.40
34107;DHT22;20389;47.07779590;15.40704690;2021-03-14T01:19:09;7.70;70.30
34107;DHT22;20389;47.07779590;15.40704690;2021-03-14T01:21:35;7.70;70.70
34107;DHT22;20389;47.07779590;15.40704690;2021-03-14T01:24:01;7.70;69.60
34107;DHT22;20389;47.07779590;15.40704690;2021-03-14T01:26:26;7.80;70.10
34107;DHT22;20389;47.07779590;15.40704690;2021-03-14T01:28:52;7.80;69.80
34107;DHT22;20389;47.07779590;15.40704690;2021-03-14T01:31:18;7.80;70.00
34107;DHT22;20389;47.07779590;15.40704690;2021-03-14T01:33:43;7.70;70.60
34107;DHT22;20389;47.07779590;15.40704690;2021-03-14T01:36:09;7.70;70.60
34107;DHT22;20389;47.07779590;15.40704690;2021-03-14T01:38:35;7.60;70.50
34107;DHT22;20389;47.07779590;15.40704690;2021-03-14T01:41:01;7.50;70.60
34107;DHT22;20389;47.07779590;15.40704690;2021-03-14T01:43:27;7.50;71.00
34107;DHT22;20389;47.07779590;15.40704690;2021-03-14T01:45:56;7.60;71.80
34107;DHT22;20389;47.07779590;15.40704690;2021-03-14T01:48:25;7.60;70.80
34107;DHT22;20389;47.07779590;15.40704690;2021-03-14T01:50:52;7.70;70.70
34107;DHT22;20389;47.07779590;15.40704690;2021-03-14T01:53:19;7.70;70.70
34107;DHT22;20389;47.07779590;15.40704690;2021-03-14T01:55:46;7.70;70.70
34107;DHT22;20389;47.07779590;15.40704690;2021-03-14T01:58:13;7.70;70.80
34107;DHT22;20389;47.07779590;15.40704690;2021-03-14T02:00:39;7.80;70.40
34107;DHT22;20389;47.07779590;15.40704690;2021-03-14T02:03:05;7.70;70.20
34107;DHT22;20389;47.07779590;15.40704690;2021-03-14T02:05:31;7.80;70.40
34107;DHT22;20389;47.07779590;15.40704690;2021-03-14T02:07:58;7.80;70.50
34107;DHT22;20389;47.07779590;15.40704690;2021-03-14T02:10:28;7.90;70.40
34107;DHT22;20389;47.07779590;15.40704690;2021-03-14T02:12:59;8.00;70.10
34107;DHT22;20389;47.07779590;15.40704690;2021-03-14T02:15:27;8.00;70.20
34107;DHT22;20389;47.07779590;15.40704690;2021-03-14T02:17:54;8.10;69.90
34107;DHT22;20389;47.07779590;15.40704690;2021-03-14T02:20:24;8.10;69.60
34107;DHT22;20389;47.07779590;15.40704690;2021-03-14T02:23:43;8.00;70.10
34107;DHT22;20389;47.07779590;15.40704690;2021-03-14T02:26:19;8.00;70.30
34107;DHT22;20389;47.07779590;15.40704690;2021-03-14T02:28:46;8.00;70.30
34107;DHT22;20389;47.07779590;15.40704690;2021-03-14T02:31:13;8.00;69.90
34107;DHT22;20389;47.07779590;15.40704690;2021-03-14T02:33:42;8.00;70.30
34107;DHT22;20389;47.07779590;15.40704690;2021-03-14T02:36:10;7.90;70.10
34107;DHT22;20389;47.07779590;15.40704690;2021-03-14T02:38:40;8.00;70.20
34107;DHT22;20389;47.07779590;15.40704690;2021-03-14T02:41:07;8.00;70.50
34107;DHT22;20389;47.07779590;15.40704690;2021-03-14T02:43:34;8.10;70.10
34107;DHT22;20389;47.07779590;15.40704690;2021-03-14T02:46:01;8.10;69.90
34107;DHT22;20389;47.07779590;15.40704690;2021-03-14T02:48:27;8.00;70.00
34107;DHT22;20389;47.07779590;15.40704690;2021-03-14T02:50:57;8.00;70.30
34107;DHT22;20389;47.07779590;15.40704690;2021-03-14T02:53:23;8.10;70.20
34107;DHT22;20389;47.07779590;15.40704690;2021-03-14T02:55:52;8.10;70.20
34107;DHT22;20389;47.07779590;15.40704690;2021-03-14T02:58:20;8.10;70.40
34107;DHT22;20389;47.07779590;15.40704690;2021-03-14T03:00:46;8.10;71.90
34107;DHT22;20389;47.07779590;15.40704690;2021-03-14T03:03:13;8.10;73.50
34107;DHT22;20389;47.07779590;15.40704690;2021-03-14T03:05:39;8.10;74.10
34107;DHT22;20389;47.07779590;15.40704690;2021-03-14T03:08:06;8.20;74.70
34107;DHT22;20389;47.07779590;15.40704690;2021-03-14T03:10:35;8.20;74.80
34107;DHT22;20389;47.07779590;15.40704690;2021-03-14T03:13:06;8.10;74.90
34107;DHT22;20389;47.07779590;15.40704690;2021-03-14T03:15:33;8.10;75.90
34107;DHT22;20389;47.07779590;15.40704690;2021-03-14T03:17:59;8.00;76.50
34107;DHT22;20389;47.07779590;15.40704690;2021-03-14T03:20:26;8.00;77.00
34107;DHT22;20389;47.07779590;15.40704690;2021-03-14T03:22:53;8.10;78.50
34107;DHT22;20389;47.07779590;15.40704690;2021-03-14T03:25:20;8.10;79.60
34107;DHT22;20389;47.07779590;15.40704690;2021-03-14T03:27:46;8.10;78.80
34107;DHT22;20389;47.07779590;15.40704690;2021-03-14T03:30:13;8.00;80.10
34107;DHT22;20389;47.07779590;15.40704690;2021-03-14T03:32:40;7.90;80.50
34107;DHT22;20389;47.07779590;15.40704690;2021-03-14T03:35:08;7.80;81.30
34107;DHT22;20389;47.07779590;15.40704690;2021-03-14T03:37:35;7.80;82.00
34107;DHT22;20389;47.07779590;15.40704690;2021-03-14T03:40:13;7.70;83.30
34107;DHT22;20389;47.07779590;15.40704690;2021-03-14T03:43:06;7.80;83.80
34107;DHT22;20389;47.07779590;15.40704690;2021-03-14T03:45:44;7.90;84.20
34107;DHT22;20389;47.07779590;15.40704690;2021-03-14T03:48:14;7.80;85.60
34107;DHT22;20389;47.07779590;15.40704690;2021-03-14T03:50:44;7.80;86.60
34107;DHT22;20389;47.07779590;15.40704690;2021-03-14T03:53:11;7.90;87.30
34107;DHT22;20389;47.07779590;15.40704690;2021-03-14T03:55:38;7.90;87.70
34107;DHT22;20389;47.07779590;15.40704690;2021-03-14T03:58:05;7.90;88.40
34107;DHT22;20389;47.07779590;15.40704690;2021-03-14T04:00:31;7.80;88.80
34107;DHT22;20389;47.07779590;15.40704690;2021-03-14T04:03:01;7.80;89.00
34107;DHT22;20389;47.07779590;15.40704690;2021-03-14T04:05:27;7.80;89.00
34107;DHT22;20389;47.07779590;15.40704690;2021-03-14T04:07:53;7.80;88.90
34107;DHT22;20389;47.07779590;15.40704690;2021-03-14T04:10:21;7.80;90.30
34107;DHT22;20389;47.07779590;15.40704690;2021-03-14T04:12:49;7.80;90.30
34107;DHT22;20389;47.07779590;15.40704690;2021-03-14T04:15:18;7.90;90.90
34107;DHT22;20389;47.07779590;15.40704690;2021-03-14T04:17:45;7.90;91.00
34107;DHT22;20389;47.07779590;15.40704690;2021-03-14T04:20:23;7.90;91.70
34107;DHT22;20389;47.07779590;15.40704690;2021-03-14T04:22:53;7.90;92.40
34107;DHT22;20389;47.07779590;15.40704690;2021-03-14T04:25:20;7.90;92.80
34107;DHT22;20389;47.07779590;15.40704690;2021-03-14T04:27:48;7.90;93.20
34107;DHT22;20389;47.07779590;15.40704690;2021-03-14T04:30:16;8.00;93.40
34107;DHT22;20389;47.07779590;15.40704690;2021-03-14T04:32:43;8.10;93.70
34107;DHT22;20389;47.07779590;15.40704690;2021-03-14T04:35:09;8.10;94.40
34107;DHT22;20389;47.07779590;15.40704690;2021-03-14T04:37:38;8.30;94.60
34107;DHT22;20389;47.07779590;15.40704690;2021-03-14T04:40:06;8.40;94.70
34107;DHT22;20389;47.07779590;15.40704690;2021-03-14T04:42:34;8.50;94.50
34107;DHT22;20389;47.07779590;15.40704690;2021-03-14T04:45:02;8.40;94.40
34107;DHT22;20389;47.07779590;15.40704690;2021-03-14T04:47:28;8.50;94.80
34107;DHT22;20389;47.07779590;15.40704690;2021-03-14T04:49:53;8.50;95.10
34107;DHT22;20389;47.07779590;15.40704690;2021-03-14T04:52:19;8.50;95.60
34107;DHT22;20389;47.07779590;15.40704690;2021-03-14T04:54:49;8.60;95.80
34107;DHT22;20389;47.07779590;15.40704690;2021-03-14T04:57:16;8.50;95.60
34107;DHT22;20389;47.07779590;15.40704690;2021-03-14T04:59:44;8.50;95.50
34107;DHT22;20389;47.07779590;15.40704690;2021-03-14T05:02:10;8.50;95.70
34107;DHT22;20389;47.07779590;15.40704690;2021-03-14T05:04:36;8.50;96.00
34107;DHT22;20389;47.07779590;15.40704690;2021-03-14T05:07:03;8.40;95.80
34107;DHT22;20389;47.07779590;15.40704690;2021-03-14T05:09:30;8.40;96.00
34107;DHT22;20389;47.07779590;15.40704690;2021-03-14T05:11:56;8.50;95.30
34107;DHT22;20389;47.07779590;15.40704690;2021-03-14T05:14:24;8.50;95.90
34107;DHT22;20389;47.07779590;15.40704690;2021-03-14T05:16:50;8.50;95.60
34107;DHT22;20389;47.07779590;15.40704690;2021-03-14T05:19:17;8.50;96.00
34107;DHT22;20389;47.07779590;15.40704690;2021-03-14T05:21:44;8.50;96.10
34107;DHT22;20389;47.07779590;15.40704690;2021-03-14T05:24:11;8.50;95.50
34107;DHT22;20389;47.07779590;15.40704690;2021-03-14T05:26:40;8.60;95.60
34107;DHT22;20389;47.07779590;15.40704690;2021-03-14T05:29:10;8.50;96.10
34107;DHT22;20389;47.07779590;15.40704690;2021-03-14T05:31:37;8.60;95.60
34107;DHT22;20389;47.07779590;15.40704690;2021-03-14T05:34:08;8.60;95.00
34107;DHT22;20389;47.07779590;15.40704690;2021-03-14T05:36:38;8.70;95.90
34107;DHT22;20389;47.07779590;15.40704690;2021-03-14T05:39:05;8.70;95.90
34107;DHT22;20389;47.07779590;15.40704690;2021-03-14T05:41:32;8.70;95.30
34107;DHT22;20389;47.07779590;15.40704690;2021-03-14T05:43:58;8.70;96.20
34107;DHT22;20389;47.07779590;15.40704690;2021-03-14T05:46:27;8.60;95.60
34107;DHT22;20389;47.07779590;15.40704690;2021-03-14T05:48:53;8.60;96.70
34107;DHT22;20389;47.07779590;15.40704690;2021-03-14T05:51:30;8.60;96.90
34107;DHT22;20389;47.07779590;15.40704690;2021-03-14T05:53:58;8.50;97.10
34107;DHT22;20389;47.07779590;15.40704690;2021-03-14T05:56:24;8.60;97.30
34107;DHT22;20389;47.07779590;15.40704690;2021-03-14T05:58:51;8.60;97.70
34107;DHT22;20389;47.07779590;15.40704690;2021-03-14T06:01:19;8.60;97.60
34107;DHT22;20389;47.07779590;15.40704690;2021-03-14T06:03:45;8.40;96.50
34107;DHT22;20389;47.07779590;15.40704690;2021-03-14T06:06:12;8.20;96.70
34107;DHT22;20389;47.07779590;15.40704690;2021-03-14T06:08:40;8.10;96.30
34107;DHT22;20389;47.07779590;15.40704690;2021-03-14T06:11:07;7.90;97.10
34107;DHT22;20389;47.07779590;15.40704690;2021-03-14T06:13:34;7.90;96.20
34107;DHT22;20389;47.07779590;15.40704690;2021-03-14T06:16:00;8.00;97.20
34107;DHT22;20389;47.07779590;15.40704690;2021-03-14T06:18:27;8.10;97.80
34107;DHT22;20389;47.07779590;15.40704690;2021-03-14T06:20:53;8.20;98.40
34107;DHT22;20389;47.07779590;15.40704690;2021-03-14T06:23:21;8.20;97.70
34107;DHT22;20389;47.07779590;15.40704690;2021-03-14T06:25:55;8.10;96.80
34107;DHT22;20389;47.07779590;15.40704690;2021-03-14T06:28:35;8.10;96.80
34107;DHT22;20389;47.07779590;15.40704690;2021-03-14T06:31:21;8.20;97.40
34107;DHT22;20389;47.07779590;15.40704690;2021-03-14T06:33:48;8.20;98.20
34107;DHT22;20389;47.07779590;15.40704690;2021-03-14T06:36:16;8.20;97.90
34107;DHT22;20389;47.07779590;15.40704690;2021-03-14T06:38:43;7.90;97.80
34107;DHT22;20389;47.07779590;15.40704690;2021-03-14T06:41:20;7.80;97.10
34107;DHT22;20389;47.07779590;15.40704690;2021-03-14T06:43:54;7.80;98.80
34107;DHT22;20389;47.07779590;15.40704690;2021-03-14T06:46:26;7.90;98.70
34107;DHT22;20389;47.07779590;15.40704690;2021-03-14T06:49:12;7.90;99.40
34107;DHT22;20389;47.07779590;15.40704690;2021-03-14T06:51:45;8.00;99.60
34107;DHT22;20389;47.07779590;15.40704690;2021-03-14T06:59:35;8.10;98.80
34107;DHT22;20389;47.07779590;15.40704690;2021-03-14T07:02:14;8.10;98.90
34107;DHT22;20389;47.07779590;15.40704690;2021-03-14T07:09:39;8.20;98.40
34107;DHT22;20389;47.07779590;15.40704690;2021-03-14T07:12:21;8.20;98.30
34107;DHT22;20389;47.07779590;15.40704690;2021-03-14T07:14:47;8.30;98.50
34107;DHT22;20389;47.07779590;15.40704690;2021-03-14T07:17:29;8.30;97.30
34107;DHT22;20389;47.07779590;15.40704690;2021-03-14T07:19:56;8.20;97.30
34107;DHT22;20389;47.07779590;15.40704690;2021-03-14T07:22:22;8.30;98.40
34107;DHT22;20389;47.07779590;15.40704690;2021-03-14T07:24:47;8.20;98.50
34107;DHT22;20389;47.07779590;15.40704690;2021-03-14T07:27:19;8.20;98.50
34107;DHT22;20389;47.07779590;15.40704690;2021-03-14T07:29:47;8.10;98.90
34107;DHT22;20389;47.07779590;15.40704690;2021-03-14T07:32:13;8.00;98.70
34107;DHT22;20389;47.07779590;15.40704690;2021-03-14T07:34:39;7.90;98.50
34107;DHT22;20389;47.07779590;15.40704690;2021-03-14T07:37:05;7.80;98.50
34107;DHT22;20389;47.07779590;15.40704690;2021-03-14T07:39:31;7.80;98.60
34107;DHT22;20389;47.07779590;15.40704690;2021-03-14T07:41:57;7.80;98.20
34107;DHT22;20389;47.07779590;15.40704690;2021-03-14T07:44:25;7.70;98.20
34107;DHT22;20389;47.07779590;15.40704690;2021-03-14T07:46:52;7.70;98.10
34107;DHT22;20389;47.07779590;15.40704690;2021-03-14T07:49:20;7.70;97.80
34107;DHT22;20389;47.07779590;15.40704690;2021-03-14T07:51:50;7.60;97.50
34107;DHT22;20389;47.07779590;15.40704690;2021-03-14T07:54:23;7.60;98.60
34107;DHT22;20389;47.07779590;15.40704690;2021-03-14T07:56:52;7.60;98.00
34107;DHT22;20389;47.07779590;15.40704690;2021-03-14T07:59:25;7.60;98.80
34107;DHT22;20389;47.07779590;15.40704690;2021-03-14T08:01:52;7.70;98.70
34107;DHT22;20389;47.07779590;15.40704690;2021-03-14T08:04:31;7.70;98.70
34107;DHT22;20389;47.07779590;15.40704690;2021-03-14T08:06:58;7.70;98.90
34107;DHT22;20389;47.07779590;15.40704690;2021-03-14T08:09:43;7.70;99.10
34107;DHT22;20389;47.07779590;15.40704690;2021-03-14T08:15:29;7.70;99.80
34107;DHT22;20389;47.07779590;15.40704690;2021-03-14T08:17:56;7.70;99.90
34107;DHT22;20389;47.07779590;15.40704690;2021-03-14T08:20:45;7.80;99.90
34107;DHT22;20389;47.07779590;15.40704690;2021-03-14T08:23:18;7.70;99.90
34107;DHT22;20389;47.07779590;15.40704690;2021-03-14T08:25:46;7.70;99.90
34107;DHT22;20389;47.07779590;15.40704690;2021-03-14T08:28:28;7.70;99.90
34107;DHT22;20389;47.07779590;15.40704690;2021-03-14T08:31:02;7.70;99.90
34107;DHT22;20389;47.07779590;15.40704690;2021-03-14T08:41:26;7.80;99.90
34107;DHT22;20389;47.07779590;15.40704690;2021-03-14T08:44:10;7.90;99.90
34107;DHT22;20389;47.07779590;15.40704690;2021-03-14T08:49:19;7.90;99.90
34107;DHT22;20389;47.07779590;15.40704690;2021-03-14T08:51:46;7.90;99.90
34107;DHT22;20389;47.07779590;15.40704690;2021-03-14T08:54:13;7.90;99.90
34107;DHT22;20389;47.07779590;15.40704690;2021-03-14T08:56:38;7.90;99.90
34107;DHT22;20389;47.07779590;15.40704690;2021-03-14T09:01:31;7.90;99.90
34107;DHT22;20389;47.07779590;15.40704690;2021-03-14T09:03:57;8.10;99.90
34107;DHT22;20389;47.07779590;15.40704690;2021-03-14T09:06:30;8.10;99.90
34107;DHT22;20389;47.07779590;15.40704690;2021-03-14T09:09:00;8.00;99.90
34107;DHT22;20389;47.07779590;15.40704690;2021-03-14T09:11:43;8.10;99.90
34107;DHT22;20389;47.07779590;15.40704690;2021-03-14T09:14:28;8.00;99.90
34107;DHT22;20389;47.07779590;15.40704690;2021-03-14T09:20:00;8.00;99.90
34107;DHT22;20389;47.07779590;15.40704690;2021-03-14T09:22:28;8.00;99.90
34107;DHT22;20389;47.07779590;15.40704690;2021-03-14T09:24:57;7.90;99.90
34107;DHT22;20389;47.07779590;15.40704690;2021-03-14T09:29:51;7.90;99.90
34107;DHT22;20389;47.07779590;15.40704690;2021-03-14T09:35:17;8.00;99.90
34107;DHT22;20389;47.07779590;15.40704690;2021-03-14T09:40:26;8.00;99.90
34107;DHT22;20389;47.07779590;15.40704690;2021-03-14T09:45:35;8.00;99.90
34107;DHT22;20389;47.07779590;15.40704690;2021-03-14T09:48:11;8.00;99.90
34107;DHT22;20389;47.07779590;15.40704690;2021-03-14T09:53:14;8.10;99.90
34107;DHT22;20389;47.07779590;15.40704690;2021-03-14T09:55:42;8.20;99.90
34107;DHT22;20389;47.07779590;15.40704690;2021-03-14T09:58:10;8.20;99.70
34107;DHT22;20389;47.07779590;15.40704690;2021-03-14T10:00:37;8.30;99.20
34107;DHT22;20389;47.07779590;15.40704690;2021-03-14T10:03:08;8.30;98.30
34107;DHT22;20389;47.07779590;15.40704690;2021-03-14T10:05:38;8.30;98.70
34107;DHT22;20389;47.07779590;15.40704690;2021-03-14T10:08:04;8.20;98.20
34107;DHT22;20389;47.07779590;15.40704690;2021-03-14T10:10:30;8.20;98.90
34107;DHT22;20389;47.07779590;15.40704690;2021-03-14T10:12:57;8.30;98.80
34107;DHT22;20389;47.07779590;15.40704690;2021-03-14T10:15:24;8.50;98.80
34107;DHT22;20389;47.07779590;15.40704690;2021-03-14T10:17:50;8.40;98.80
34107;DHT22;20389;47.07779590;15.40704690;2021-03-14T10:20:19;8.40;98.00
34107;DHT22;20389;47.07779590;15.40704690;2021-03-14T10:22:45;8.40;98.50
34107;DHT22;20389;47.07779590;15.40704690;2021-03-14T10:25:25;8.50;98.20
34107;DHT22;20389;47.07779590;15.40704690;2021-03-14T10:27:51;8.50;98.40
34107;DHT22;20389;47.07779590;15.40704690;2021-03-14T10:30:18;8.50;98.50
34107;DHT22;20389;47.07779590;15.40704690;2021-03-14T10:32:45;8.50;98.60
34107;DHT22;20389;47.07779590;15.40704690;2021-03-14T10:35:11;8.50;98.30
34107;DHT22;20389;47.07779590;15.40704690;2021-03-14T10:37:37;8.60;98.40
34107;DHT22;20389;47.07779590;15.40704690;2021-03-14T10:40:18;8.50;98.20
34107;DHT22;20389;47.07779590;15.40704690;2021-03-14T10:42:45;8.50;98.40
34107;DHT22;20389;47.07779590;15.40704690;2021-03-14T10:45:15;8.50;98.90
34107;DHT22;20389;47.07779590;15.40704690;2021-03-14T10:47:42;8.50;99.40
34107;DHT22;20389;47.07779590;15.40704690;2021-03-14T10:50:19;8.50;99.60
34107;DHT22;20389;47.07779590;15.40704690;2021-03-14T10:53:05;8.40;99.80
34107;DHT22;20389;47.07779590;15.40704690;2021-03-14T10:55:31;8.30;99.90
34107;DHT22;20389;47.07779590;15.40704690;2021-03-14T10:58:04;8.40;99.90
34107;DHT22;20389;47.07779590;15.40704690;2021-03-14T11:00:31;8.40;99.90
34107;DHT22;20389;47.07779590;15.40704690;2021-03-14T11:02:57;8.50;99.90
34107;DHT22;20389;47.07779590;15.40704690;2021-03-14T11:05:24;8.50;99.90
34107;DHT22;20389;47.07779590;15.40704690;2021-03-14T11:08:00;8.40;99.90
34107;DHT22;20389;47.07779590;15.40704690;2021-03-14T11:10:27;8.40;99.90
34107;DHT22;20389;47.07779590;15.40704690;2021-03-14T11:12:52;8.30;99.90
34107;DHT22;20389;47.07779590;15.40704690;2021-03-14T11:15:32;8.30;99.90
34107;DHT22;20389;47.07779590;15.40704690;2021-03-14T11:18:00;8.40;99.90
34107;DHT22;20389;47.07779590;15.40704690;2021-03-14T11:20:30;8.50;99.90
34107;DHT22;20389;47.07779590;15.40704690;2021-03-14T11:22:58;8.50;99.70
34107;DHT22;20389;47.07779590;15.40704690;2021-03-14T11:25:26;8.50;99.90
34107;DHT22;20389;47.07779590;15.40704690;2021-03-14T11:27:53;8.50;99.90
34107;DHT22;20389;47.07779590;15.40704690;2021-03-14T11:30:25;8.60;99.90
34107;DHT22;20389;47.07779590;15.40704690;2021-03-14T11:32:51;8.70;99.90
34107;DHT22;20389;47.07779590;15.40704690;2021-03-14T11:35:17;8.80;99.90
34107;DHT22;20389;47.07779590;15.40704690;2021-03-14T11:37:43;8.80;99.90
34107;DHT22;20389;47.07779590;15.40704690;2021-03-14T11:40:10;8.70;99.90
34107;DHT22;20389;47.07779590;15.40704690;2021-03-14T11:42:37;8.70;99.90
34107;DHT22;20389;47.07779590;15.40704690;2021-03-14T11:45:04;8.70;99.60
34107;DHT22;20389;47.07779590;15.40704690;2021-03-14T11:47:37;8.70;99.00
34107;DHT22;20389;47.07779590;15.40704690;2021-03-14T11:50:04;8.80;99.40
34107;DHT22;20389;47.07779590;15.40704690;2021-03-14T11:52:30;8.70;99.60
34107;DHT22;20389;47.07779590;15.40704690;2021-03-14T11:54:56;8.70;99.50
34107;DHT22;20389;47.07779590;15.40704690;2021-03-14T11:57:22;8.80;99.30
34107;DHT22;20389;47.07779590;15.40704690;2021-03-14T11:59:47;8.80;99.50
34107;DHT22;20389;47.07779590;15.40704690;2021-03-14T12:02:13;8.90;98.70
34107;DHT22;20389;47.07779590;15.40704690;2021-03-14T12:04:39;8.90;98.20
34107;DHT22;20389;47.07779590;15.40704690;2021-03-14T12:07:04;8.90;97.80
34107;DHT22;20389;47.07779590;15.40704690;2021-03-14T12:09:30;9.00;98.10
34107;DHT22;20389;47.07779590;15.40704690;2021-03-14T12:11:56;9.00;99.10
34107;DHT22;20389;47.07779590;15.40704690;2021-03-14T12:14:24;9.10;99.20
34107;DHT22;20389;47.07779590;15.40704690;2021-03-14T12:16:49;9.10;99.30
34107;DHT22;20389;47.07779590;15.40704690;2021-03-14T12:19:15;9.10;98.90
34107;DHT22;20389;47.07779590;15.40704690;2021-03-14T12:21:41;9.20;99.30
34107;DHT22;20389;47.07779590;15.40704690;2021-03-14T12:24:09;9.30;99.60
34107;DHT22;20389;47.07779590;15.40704690;2021-03-14T12:26:35;9.20;99.20
34107;DHT22;20389;47.07779590;15.40704690;2021-03-14T12:29:01;9.20;99.40
34107;DHT22;20389;47.07779590;15.40704690;2021-03-14T12:31:27;9.20;99.20
34107;DHT22;20389;47.07779590;15.40704690;2021-03-14T12:33:53;9.30;99.20
34107;DHT22;20389;47.07779590;15.40704690;2021-03-14T12:36:19;9.40;98.70
34107;DHT22;20389;47.07779590;15.40704690;2021-03-14T12:38:44;9.30;98.40
34107;DHT22;20389;47.07779590;15.40704690;2021-03-14T12:41:10;9.30;98.90
34107;DHT22;20389;47.07779590;15.40704690;2021-03-14T12:43:36;9.30;98.50
34107;DHT22;20389;47.07779590;15.40704690;2021-03-14T12:46:02;9.10;98.30
34107;DHT22;20389;47.07779590;15.40704690;2021-03-14T12:48:28;9.10;98.90
34107;DHT22;20389;47.07779590;15.40704690;2021-03-14T12:50:53;9.30;99.30
34107;DHT22;20389;47.07779590;15.40704690;2021-03-14T12:53:19;9.40;99.20
34107;DHT22;20389;47.07779590;15.40704690;2021-03-14T12:55:45;9.40;99.30
34107;DHT22;20389;47.07779590;15.40704690;2021-03-14T12:58:11;9.40;99.10
34107;DHT22;20389;47.07779590;15.40704690;2021-03-14T13:00:38;9.50;99.00
34107;DHT22;20389;47.07779590;15.40704690;2021-03-14T13:03:04;9.50;98.80
34107;DHT22;20389;47.07779590;15.40704690;2021-03-14T13:05:30;9.60;97.60
34107;DHT22;20389;47.07779590;15.40704690;2021-03-14T13:07:56;9.40;97.80
34107;DHT22;20389;47.07779590;15.40704690;2021-03-14T13:10:22;9.40;97.00
34107;DHT22;20389;47.07779590;15.40704690;2021-03-14T13:12:48;9.40;97.00
34107;DHT22;20389;47.07779590;15.40704690;2021-03-14T13:15:15;9.50;97.10
34107;DHT22;20389;47.07779590;15.40704690;2021-03-14T13:17:41;9.50;97.20
34107;DHT22;20389;47.07779590;15.40704690;2021-03-14T13:20:07;9.40;96.70
34107;DHT22;20389;47.07779590;15.40704690;2021-03-14T13:22:33;9.40;97.00
34107;DHT22;20389;47.07779590;15.40704690;2021-03-14T13:24:58;9.40;96.80
34107;DHT22;20389;47.07779590;15.40704690;2021-03-14T13:27:26;9.50;96.70
34107;DHT22;20389;47.07779590;15.40704690;2021-03-14T13:29:52;9.50;96.40
34107;DHT22;20389;47.07779590;15.40704690;2021-03-14T13:32:18;9.60;96.30
34107;DHT22;20389;47.07779590;15.40704690;2021-03-14T13:34:43;9.60;96.30
34107;DHT22;20389;47.07779590;15.40704690;2021-03-14T13:37:09;9.70;96.60
34107;DHT22;20389;47.07779590;15.40704690;2021-03-14T13:39:36;9.80;97.20
34107;DHT22;20389;47.07779590;15.40704690;2021-03-14T13:42:05;9.80;96.70
34107;DHT22;20389;47.07779590;15.40704690;2021-03-14T13:44:31;9.80;96.20
34107;DHT22;20389;47.07779590;15.40704690;2021-03-14T13:46:57;9.80;96.80
34107;DHT22;20389;47.07779590;15.40704690;2021-03-14T13:49:23;9.60;96.20
34107;DHT22;20389;47.07779590;15.40704690;2021-03-14T13:51:49;9.60;96.30
34107;DHT22;20389;47.07779590;15.40704690;2021-03-14T13:54:15;9.70;95.90
34107;DHT22;20389;47.07779590;15.40704690;2021-03-14T13:56:40;9.80;96.10
34107;DHT22;20389;47.07779590;15.40704690;2021-03-14T13:59:06;9.70;95.80
34107;DHT22;20389;47.07779590;15.40704690;2021-03-14T14:01:33;9.80;95.60
34107;DHT22;20389;47.07779590;15.40704690;2021-03-14T14:03:59;9.70;95.90
34107;DHT22;20389;47.07779590;15.40704690;2021-03-14T14:06:25;9.70;96.40
34107;DHT22;20389;47.07779590;15.40704690;2021-03-14T14:08:51;9.70;96.20
34107;DHT22;20389;47.07779590;15.40704690;2021-03-14T14:11:16;9.60;95.50
34107;DHT22;20389;47.07779590;15.40704690;2021-03-14T14:13:42;9.40;96.20
34107;DHT22;20389;47.07779590;15.40704690;2021-03-14T14:16:08;9.50;96.60
34107;DHT22;20389;47.07779590;15.40704690;2021-03-14T14:18:33;9.50;96.50
34107;DHT22;20389;47.07779590;15.40704690;2021-03-14T14:20:59;9.50;95.90
34107;DHT22;20389;47.07779590;15.40704690;2021-03-14T14:23:25;9.60;96.40
34107;DHT22;20389;47.07779590;15.40704690;2021-03-14T14:25:51;9.60;96.60
34107;DHT22;20389;47.07779590;15.40704690;2021-03-14T14:28:17;9.50;96.30
34107;DHT22;20389;47.07779590;15.40704690;2021-03-14T14:30:43;9.40;96.40
34107;DHT22;20389;47.07779590;15.40704690;2021-03-14T14:33:09;9.20;96.80
34107;DHT22;20389;47.07779590;15.40704690;2021-03-14T14:35:35;9.20;97.50
34107;DHT22;20389;47.07779590;15.40704690;2021-03-14T14:38:05;9.20;98.00
34107;DHT22;20389;47.07779590;15.40704690;2021-03-14T14:40:32;9.30;97.60
34107;DHT22;20389;47.07779590;15.40704690;2021-03-14T14:42:57;9.40;97.90
34107;DHT22;20389;47.07779590;15.40704690;2021-03-14T14:45:23;9.40;97.40
34107;DHT22;20389;47.07779590;15.40704690;2021-03-14T14:47:49;9.40;97.60
34107;DHT22;20389;47.07779590;15.40704690;2021-03-14T14:50:15;9.40;97.70
34107;DHT22;20389;47.07779590;15.40704690;2021-03-14T14:52:40;9.30;97.70
34107;DHT22;20389;47.07779590;15.40704690;2021-03-14T14:55:08;9.20;97.30
34107;DHT22;20389;47.07779590;15.40704690;2021-03-14T14:57:35;9.10;98.10
34107;DHT22;20389;47.07779590;15.40704690;2021-03-14T15:00:06;9.00;97.80
34107;DHT22;20389;47.07779590;15.40704690;2021-03-14T15:02:33;8.90;98.20
34107;DHT22;20389;47.07779590;15.40704690;2021-03-14T15:05:01;8.90;98.90
34107;DHT22;20389;47.07779590;15.40704690;2021-03-14T15:07:26;8.90;98.90
34107;DHT22;20389;47.07779590;15.40704690;2021-03-14T15:09:53;9.10;98.30
34107;DHT22;20389;47.07779590;15.40704690;2021-03-14T15:12:18;9.20;98.10
34107;DHT22;20389;47.07779590;15.40704690;2021-03-14T15:14:44;9.20;97.20
34107;DHT22;20389;47.07779590;15.40704690;2021-03-14T15:17:12;9.20;95.00
34107;DHT22;20389;47.07779590;15.40704690;2021-03-14T15:19:38;9.30;94.70
34107;DHT22;20389;47.07779590;15.40704690;2021-03-14T15:22:03;9.30;93.30
34107;DHT22;20389;47.07779590;15.40704690;2021-03-14T15:24:29;9.30;94.30
34107;DHT22;20389;47.07779590;15.40704690;2021-03-14T15:26:55;9.30;91.30
34107;DHT22;20389;47.07779590;15.40704690;2021-03-14T15:29:21;9.00;82.10
34107;DHT22;20389;47.07779590;15.40704690;2021-03-14T15:31:48;9.10;84.10
34107;DHT22;20389;47.07779590;15.40704690;2021-03-14T15:34:14;9.20;84.50
34107;DHT22;20389;47.07779590;15.40704690;2021-03-14T15:36:40;9.20;78.80
34107;DHT22;20389;47.07779590;15.40704690;2021-03-14T15:39:06;9.20;77.90
34107;DHT22;20389;47.07779590;15.40704690;2021-03-14T15:41:31;9.30;77.20
34107;DHT22;20389;47.07779590;15.40704690;2021-03-14T15:43:57;9.10;67.70
34107;DHT22;20389;47.07779590;15.40704690;2021-03-14T15:46:23;8.90;67.70
34107;DHT22;20389;47.07779590;15.40704690;2021-03-14T15:48:48;9.10;68.80
34107;DHT22;20389;47.07779590;15.40704690;2021-03-14T15:51:14;9.10;68.20
34107;DHT22;20389;47.07779590;15.40704690;2021-03-14T15:53:40;9.10;68.90
34107;DHT22;20389;47.07779590;15.40704690;2021-03-14T15:56:06;9.10;65.10
34107;DHT22;20389;47.07779590;15.40704690;2021-03-14T15:58:31;9.10;66.30
34107;DHT22;20389;47.07779590;15.40704690;2021-03-14T16:00:57;9.00;63.40
34107;DHT22;20389;47.07779590;15.40704690;2021-03-14T16:03:23;8.90;60.80
34107;DHT22;20389;47.07779590;15.40704690;2021-03-14T16:05:49;8.70;63.00
34107;DHT22;20389;47.07779590;15.40704690;2021-03-14T16:08:16;8.70;63.10
34107;DHT22;20389;47.07779590;15.40704690;2021-03-14T16:10:42;8.50;59.30
34107;DHT22;20389;47.07779590;15.40704690;2021-03-14T16:13:08;8.40;58.00
34107;DHT22;20389;47.07779590;15.40704690;2021-03-14T16:15:33;8.30;59.10
34107;DHT22;20389;47.07779590;15.40704690;2021-03-14T16:18:02;8.10;56.80
34107;DHT22;20389;47.07779590;15.40704690;2021-03-14T16:20:28;8.10;58.30
34107;DHT22;20389;47.07779590;15.40704690;2021-03-14T16:22:53;8.20;59.70
34107;DHT22;20389;47.07779590;15.40704690;2021-03-14T16:25:19;8.20;59.10
34107;DHT22;20389;47.07779590;15.40704690;2021-03-14T16:27:45;8.10;59.10
34107;DHT22;20389;47.07779590;15.40704690;2021-03-14T16:30:13;8.10;56.80
34107;DHT22;20389;47.07779590;15.40704690;2021-03-14T16:32:39;8.10;58.70
34107;DHT22;20389;47.07779590;15.40704690;2021-03-14T16:35:05;8.10;57.90
34107;DHT22;20389;47.07779590;15.40704690;2021-03-14T16:37:31;8.00;58.50
34107;DHT22;20389;47.07779590;15.40704690;2021-03-14T16:39:56;8.00;58.90
34107;DHT22;20389;47.07779590;15.40704690;2021-03-14T16:42:22;8.10;58.70
34107;DHT22;20389;47.07779590;15.40704690;2021-03-14T16:44:48;8.10;57.80
34107;DHT22;20389;47.07779590;15.40704690;2021-03-14T16:47:15;8.20;58.90
34107;DHT22;20389;47.07779590;15.40704690;2021-03-14T16:49:41;8.20;59.40
34107;DHT22;20389;47.07779590;15.40704690;2021-03-14T16:52:08;8.20;58.60
34107;DHT22;20389;47.07779590;15.40704690;2021-03-14T16:54:35;8.30;59.00
34107;DHT22;20389;47.07779590;15.40704690;2021-03-14T16:57:01;8.30;60.70
34107;DHT22;20389;47.07779590;15.40704690;2021-03-14T16:59:27;8.20;58.90
34107;DHT22;20389;47.07779590;15.40704690;2021-03-14T17:01:52;8.10;58.80
34107;DHT22;20389;47.07779590;15.40704690;2021-03-14T17:04:19;8.10;58.00
34107;DHT22;20389;47.07779590;15.40704690;2021-03-14T17:06:44;8.10;58.70
34107;DHT22;20389;47.07779590;15.40704690;2021-03-14T17:09:12;8.20;58.90
34107;DHT22;20389;47.07779590;15.40704690;2021-03-14T17:11:37;8.30;59.10
34107;DHT22;20389;47.07779590;15.40704690;2021-03-14T17:14:03;8.20;58.90
34107;DHT22;20389;47.07779590;15.40704690;2021-03-14T17:16:29;8.30;60.00
34107;DHT22;20389;47.07779590;15.40704690;2021-03-14T17:18:54;8.40;60.90
34107;DHT22;20389;47.07779590;15.40704690;2021-03-14T17:21:20;8.40;59.90
34107;DHT22;20389;47.07779590;15.40704690;2021-03-14T17:23:46;8.50;61.20
34107;DHT22;20389;47.07779590;15.40704690;2021-03-14T17:26:11;8.30;60.00
34107;DHT22;20389;47.07779590;15.40704690;2021-03-14T17:28:37;8.30;61.60
34107;DHT22;20389;47.07779590;15.40704690;2021-03-14T17:31:04;8.20;59.80
34107;DHT22;20389;47.07779590;15.40704690;2021-03-14T17:33:29;8.20;58.40
34107;DHT22;20389;47.07779590;15.40704690;2021-03-14T17:35:55;8.20;58.90
34107;DHT22;20389;47.07779590;15.40704690;2021-03-14T17:38:21;8.40;60.40
34107;DHT22;20389;47.07779590;15.40704690;2021-03-14T17:40:47;8.30;59.80
34107;DHT22;20389;47.07779590;15.40704690;2021-03-14T17:43:13;8.20;59.20
34107;DHT22;20389;47.07779590;15.40704690;2021-03-14T17:45:38;7.90;56.00
34107;DHT22;20389;47.07779590;15.40704690;2021-03-14T17:48:05;7.90;57.60
34107;DHT22;20389;47.07779590;15.40704690;2021-03-14T17:50:32;7.90;57.80
34107;DHT22;20389;47.07779590;15.40704690;2021-03-14T17:52:57;7.80;57.70
34107;DHT22;20389;47.07779590;15.40704690;2021-03-14T17:55:23;7.80;56.80
34107;DHT22;20389;47.07779590;15.40704690;2021-03-14T17:57:50;7.80;57.60
34107;DHT22;20389;47.07779590;15.40704690;2021-03-14T18:00:20;7.70;57.70
34107;DHT22;20389;47.07779590;15.40704690;2021-03-14T18:02:46;7.80;57.40
34107;DHT22;20389;47.07779590;15.40704690;2021-03-14T18:05:13;7.80;57.80
34107;DHT22;20389;47.07779590;15.40704690;2021-03-14T18:07:39;7.80;57.80
34107;DHT22;20389;47.07779590;15.40704690;2021-03-14T18:10:07;7.80;56.90
34107;DHT22;20389;47.07779590;15.40704690;2021-03-14T18:12:33;7.70;57.20
34107;DHT22;20389;47.07779590;15.40704690;2021-03-14T18:14:59;7.70;57.20
34107;DHT22;20389;47.07779590;15.40704690;2021-03-14T18:17:25;7.60;56.90
34107;DHT22;20389;47.07779590;15.40704690;2021-03-14T18:19:52;7.70;57.30
34107;DHT22;20389;47.07779590;15.40704690;2021-03-14T18:22:18;7.60;56.20
34107;DHT22;20389;47.07779590;15.40704690;2021-03-14T18:24:44;7.60;56.60
34107;DHT22;20389;47.07779590;15.40704690;2021-03-14T18:27:09;7.60;57.40
34107;DHT22;20389;47.07779590;15.40704690;2021-03-14T18:29:35;7.70;57.90
34107;DHT22;20389;47.07779590;15.40704690;2021-03-14T18:32:01;7.70;57.80
34107;DHT22;20389;47.07779590;15.40704690;2021-03-14T18:34:27;7.70;58.40
34107;DHT22;20389;47.07779590;15.40704690;2021-03-14T18:36:52;7.60;56.80
34107;DHT22;20389;47.07779590;15.40704690;2021-03-14T18:39:18;7.60;57.40
34107;DHT22;20389;47.07779590;15.40704690;2021-03-14T18:41:44;7.50;58.00
34107;DHT22;20389;47.07779590;15.40704690;2021-03-14T18:44:10;7.60;58.20
34107;DHT22;20389;47.07779590;15.40704690;2021-03-14T18:46:36;7.50;59.10
34107;DHT22;20389;47.07779590;15.40704690;2021-03-14T18:49:03;7.50;58.20
34107;DHT22;20389;47.07779590;15.40704690;2021-03-14T18:51:29;7.40;58.40
34107;DHT22;20389;47.07779590;15.40704690;2021-03-14T18:53:56;7.50;59.30
34107;DHT22;20389;47.07779590;15.40704690;2021-03-14T18:56:21;7.50;58.70
34107;DHT22;20389;47.07779590;15.40704690;2021-03-14T18:58:47;7.50;57.60
34107;DHT22;20389;47.07779590;15.40704690;2021-03-14T19:01:13;7.60;58.20
34107;DHT22;20389;47.07779590;15.40704690;2021-03-14T19:03:40;7.80;59.30
34107;DHT22;20389;47.07779590;15.40704690;2021-03-14T19:06:05;7.70;58.40
34107;DHT22;20389;47.07779590;15.40704690;2021-03-14T19:08:31;7.70;58.50
34107;DHT22;20389;47.07779590;15.40704690;2021-03-14T19:10:57;7.60;58.50
34107;DHT22;20389;47.07779590;15.40704690;2021-03-14T19:13:23;7.60;59.00
34107;DHT22;20389;47.07779590;15.40704690;2021-03-14T19:15:48;7.60;59.00
34107;DHT22;20389;47.07779590;15.40704690;2021-03-14T19:18:14;7.60;59.50
34107;DHT22;20389;47.07779590;15.40704690;2021-03-14T19:20:40;7.50;58.90
34107;DHT22;20389;47.07779590;15.40704690;2021-03-14T19:23:06;7.40;58.80
34107;DHT22;20389;47.07779590;15.40704690;2021-03-14T19:25:32;7.50;57.20
34107;DHT22;20389;47.07779590;15.40704690;2021-03-14T19:27:57;7.60;57.90
34107;DHT22;20389;47.07779590;15.40704690;2021-03-14T19:30:23;7.50;58.70
34107;DHT22;20389;47.07779590;15.40704690;2021-03-14T19:32:49;7.40;56.60
34107;DHT22;20389;47.07779590;15.40704690;2021-03-14T19:35:16;7.30;56.70
34107;DHT22;20389;47.07779590;15.40704690;2021-03-14T19:37:42;7.30;55.50
34107;DHT22;20389;47.07779590;15.40704690;2021-03-14T19:40:09;7.30;56.20
34107;DHT22;20389;47.07779590;15.40704690;2021-03-14T19:42:35;7.10;55.30
34107;DHT22;20389;47.07779590;15.40704690;2021-03-14T19:45:02;7.10;55.70
34107;DHT22;20389;47.07779590;15.40704690;2021-03-14T19:47:27;7.10;55.70
34107;DHT22;20389;47.07779590;15.40704690;2021-03-14T19:49:53;7.10;54.60
34107;DHT22;20389;47.07779590;15.40704690;2021-03-14T19:52:19;7.20;55.10
34107;DHT22;20389;47.07779590;15.40704690;2021-03-14T19:54:45;7.30;55.20
34107;DHT22;20389;47.07779590;15.40704690;2021-03-14T19:57:10;7.10;53.90
34107;DHT22;20389;47.07779590;15.40704690;2021-03-14T19:59:37;7.10;53.20
34107;DHT22;20389;47.07779590;15.40704690;2021-03-14T20:02:03;7.00;53.30
34107;DHT22;20389;47.07779590;15.40704690;2021-03-14T20:04:29;7.00;53.10
34107;DHT22;20389;47.07779590;15.40704690;2021-03-14T20:06:55;7.00;53.20
34107;DHT22;20389;47.07779590;15.40704690;2021-03-14T20:09:20;7.00;52.80
34107;DHT22;20389;47.07779590;15.40704690;2021-03-14T20:11:46;7.10;53.00
34107;DHT22;20389;47.07779590;15.40704690;2021-03-14T20:14:16;7.10;53.10
34107;DHT22;20389;47.07779590;15.40704690;2021-03-14T20:16:43;7.10;52.80
34107;DHT22;20389;47.07779590;15.40704690;2021-03-14T20:19:10;7.10;52.50
34107;DHT22;20389;47.07779590;15.40704690;2021-03-14T20:21:37;7.10;53.10
34107;DHT22;20389;47.07779590;15.40704690;2021-03-14T20:24:03;7.10;53.10
34107;DHT22;20389;47.07779590;15.40704690;2021-03-14T20:26:29;7.10;53.20
34107;DHT22;20389;47.07779590;15.40704690;2021-03-14T20:28:55;7.10;52.90
34107;DHT22;20389;47.07779590;15.40704690;2021-03-14T20:31:22;7.10;52.70
34107;DHT22;20389;47.07779590;15.40704690;2021-03-14T20:33:49;7.10;52.70
34107;DHT22;20389;47.07779590;15.40704690;2021-03-14T20:36:15;7.00;53.00
34107;DHT22;20389;47.07779590;15.40704690;2021-03-14T20:38:40;7.00;53.40
34107;DHT22;20389;47.07779590;15.40704690;2021-03-14T20:41:07;7.10;53.20
34107;DHT22;20389;47.07779590;15.40704690;2021-03-14T20:43:32;7.20;53.90
34107;DHT22;20389;47.07779590;15.40704690;2021-03-14T20:45:58;7.10;52.40
34107;DHT22;20389;47.07779590;15.40704690;2021-03-14T20:48:24;7.20;53.80
34107;DHT22;20389;47.07779590;15.40704690;2021-03-14T20:50:49;7.20;53.70
34107;DHT22;20389;47.07779590;15.40704690;2021-03-14T20:53:15;7.00;52.60
34107;DHT22;20389;47.07779590;15.40704690;2021-03-14T20:55:41;7.00;52.80
34107;DHT22;20389;47.07779590;15.40704690;2021-03-14T20:58:06;6.90;52.40
34107;DHT22;20389;47.07779590;15.40704690;2021-03-14T21:00:32;7.00;53.00
34107;DHT22;20389;47.07779590;15.40704690;2021-03-14T21:02:58;6.80;52.70
34107;DHT22;20389;47.07779590;15.40704690;2021-03-14T21:05:24;6.90;53.00
34107;DHT22;20389;47.07779590;15.40704690;2021-03-14T21:07:52;6.80;52.00
34107;DHT22;20389;47.07779590;15.40704690;2021-03-14T21:10:18;6.90;52.60
34107;DHT22;20389;47.07779590;15.40704690;2021-03-14T21:12:43;7.00;56.60
34107;DHT22;20389;47.07779590;15.40704690;2021-03-14T21:15:09;6.90;52.80
34107;DHT22;20389;47.07779590;15.40704690;2021-03-14T21:17:36;6.90;52.30
34107;DHT22;20389;47.07779590;15.40704690;2021-03-14T21:20:05;6.90;52.60
34107;DHT22;20389;47.07779590;15.40704690;2021-03-14T21:22:32;6.90;51.80
34107;DHT22;20389;47.07779590;15.40704690;2021-03-14T21:25:08;6.80;52.40
34107;DHT22;20389;47.07779590;15.40704690;2021-03-14T21:27:35;6.80;51.30
34107;DHT22;20389;47.07779590;15.40704690;2021-03-14T21:30:03;6.90;51.50
34107;DHT22;20389;47.07779590;15.40704690;2021-03-14T21:32:28;6.80;50.80
34107;DHT22;20389;47.07779590;15.40704690;2021-03-14T21:34:54;6.80;51.30
34107;DHT22;20389;47.07779590;15.40704690;2021-03-14T21:37:20;6.80;50.80
34107;DHT22;20389;47.07779590;15.40704690;2021-03-14T21:39:45;6.80;52.00
34107;DHT22;20389;47.07779590;15.40704690;2021-03-14T21:42:11;6.80;50.90
34107;DHT22;20389;47.07779590;15.40704690;2021-03-14T21:44:37;6.80;50.10
34107;DHT22;20389;47.07779590;15.40704690;2021-03-14T21:47:03;6.70;49.90
34107;DHT22;20389;47.07779590;15.40704690;2021-03-14T21:49:28;6.70;50.70
34107;DHT22;20389;47.07779590;15.40704690;2021-03-14T21:51:57;6.70;50.50
34107;DHT22;20389;47.07779590;15.40704690;2021-03-14T21:54:23;6.70;50.30
34107;DHT22;20389;47.07779590;15.40704690;2021-03-14T21:56:48;6.70;50.20
34107;DHT22;20389;47.07779590;15.40704690;2021-03-14T21:59:14;6.70;50.20
34107;DHT22;20389;47.07779590;15.40704690;2021-03-14T22:01:39;6.70;49.40
34107;DHT22;20389;47.07779590;15.40704690;2021-03-14T22:04:05;6.70;49.50
34107;DHT22;20389;47.07779590;15.40704690;2021-03-14T22:06:31;6.80;49.10
34107;DHT22;20389;47.07779590;15.40704690;2021-03-14T22:08:57;6.80;48.90
34107;DHT22;20389;47.07779590;15.40704690;2021-03-14T22:11:22;6.80;49.90
34107;DHT22;20389;47.07779590;15.40704690;2021-03-14T22:13:49;6.80;49.70
34107;DHT22;20389;47.07779590;15.40704690;2021-03-14T22:16:15;6.70;49.50
34107;DHT22;20389;47.07779590;15.40704690;2021-03-14T22:18:41;6.80;49.80
34107;DHT22;20389;47.07779590;15.40704690;2021-03-14T22:21:07;6.80;49.50
34107;DHT22;20389;47.07779590;15.40704690;2021-03-14T22:23:33;6.90;50.90
34107;DHT22;20389;47.07779590;15.40704690;2021-03-14T22:25:59;6.90;51.10
34107;DHT22;20389;47.07779590;15.40704690;2021-03-14T22:28:25;6.90;49.60
34107;DHT22;20389;47.07779590;15.40704690;2021-03-14T22:30:51;6.80;49.40
34107;DHT22;20389;47.07779590;15.40704690;2021-03-14T22:33:16;6.70;49.70
34107;DHT22;20389;47.07779590;15.40704690;2021-03-14T22:35:43;6.70;49.00
34107;DHT22;20389;47.07779590;15.40704690;2021-03-14T22:38:11;6.70;50.10
34107;DHT22;20389;47.07779590;15.40704690;2021-03-14T22:40:37;6.70;49.20
34107;DHT22;20389;47.07779590;15.40704690;2021-03-14T22:43:04;6.70;49.40
34107;DHT22;20389;47.07779590;15.40704690;2021-03-14T22:45:32;6.70;48.80
34107;DHT22;20389;47.07779590;15.40704690;2021-03-14T22:47:58;6.70;49.80
34107;DHT22;20389;47.07779590;15.40704690;2021-03-14T22:50:31;6.70;49.50
34107;DHT22;20389;47.07779590;15.40704690;2021-03-14T22:52:58;6.70;50.00
34107;DHT22;20389;47.07779590;15.40704690;2021-03-14T22:55:23;6.70;48.60
34107;DHT22;20389;47.07779590;15.40704690;2021-03-14T22:57:49;6.60;48.80
34107;DHT22;20389;47.07779590;15.40704690;2021-03-14T23:01:02;6.60;48.80
34107;DHT22;20389;47.07779590;15.40704690;2021-03-14T23:03:13;6.50;50.40
34107;DHT22;20389;47.07779590;15.40704690;2021-03-14T23:05:40;6.60;49.70
34107;DHT22;20389;47.07779590;15.40704690;2021-03-14T23:08:14;6.60;49.70
34107;DHT22;20389;47.07779590;15.40704690;2021-03-14T23:10:55;6.70;49.70
34107;DHT22;20389;47.07779590;15.40704690;2021-03-14T23:13:21;6.60;49.50
34107;DHT22;20389;47.07779590;15.40704690;2021-03-14T23:15:48;6.60;49.60
34107;DHT22;20389;47.07779590;15.40704690;2021-03-14T23:18:15;6.60;49.60
34107;DHT22;20389;47.07779590;15.40704690;2021-03-14T23:20:41;6.60;49.30
34107;DHT22;20389;47.07779590;15.40704690;2021-03-14T23:23:11;6.60;48.30
34107;DHT22;20389;47.07779590;15.40704690;2021-03-14T23:25:46;6.60;49.00
34107;DHT22;20389;47.07779590;15.40704690;2021-03-14T23:28:15;6.60;48.50
34107;DHT22;20389;47.07779590;15.40704690;2021-03-14T23:30:41;6.60;48.60
34107;DHT22;20389;47.07779590;15.40704690;2021-03-14T23:33:12;6.60;48.70
34107;DHT22;20389;47.07779590;15.40704690;2021-03-14T23:35:40;6.60;48.10
34107;DHT22;20389;47.07779590;15.40704690;2021-03-14T23:38:07;6.60;48.50
34107;DHT22;20389;47.07779590;15.40704690;2021-03-14T23:40:33;6.60;48.40
34107;DHT22;20389;47.07779590;15.40704690;2021-03-14T23:42:59;6.70;48.80
34107;DHT22;20389;47.07779590;15.40704690;2021-03-14T23:45:26;6.70;48.00
34107;DHT22;20389;47.07779590;15.40704690;2021-03-14T23:47:51;6.70;48.40
34107;DHT22;20389;47.07779590;15.40704690;2021-03-14T23:50:19;6.70;48.20
34107;DHT22;20389;47.07779590;15.40704690;2021-03-14T23:52:46;6.70;48.50
34107;DHT22;20389;47.07779590;15.40704690;2021-03-14T23:55:12;6.80;47.90
34107;DHT22;20389;47.07779590;15.40704690;2021-03-14T23:57:37;6.80;47.50
