sensor_id;sensor_type;location;lat;lon;timestamp;temperature;humidity
1504;DHT22;743;47.076;15.494;2021-04-23T00:00:26;12.50;99.90
1504;DHT22;743;47.076;15.494;2021-04-23T00:02:57;12.50;99.90
1504;DHT22;743;47.076;15.494;2021-04-23T00:05:24;12.30;99.90
1504;DHT22;743;47.076;15.494;2021-04-23T00:07:52;12.40;99.90
1504;DHT22;743;47.076;15.494;2021-04-23T00:10:20;12.40;99.90
1504;DHT22;743;47.076;15.494;2021-04-23T00:12:48;12.40;99.90
1504;DHT22;743;47.076;15.494;2021-04-23T00:15:17;12.40;99.90
1504;DHT22;743;47.076;15.494;2021-04-23T00:17:43;12.50;99.90
1504;DHT22;743;47.076;15.494;2021-04-23T00:20:13;12.30;99.90
1504;DHT22;743;47.076;15.494;2021-04-23T00:22:40;12.20;99.90
1504;DHT22;743;47.076;15.494;2021-04-23T00:25:09;12.20;99.90
1504;DHT22;743;47.076;15.494;2021-04-23T00:27:37;12.30;99.90
1504;DHT22;743;47.076;15.494;2021-04-23T00:30:06;11.90;99.90
1504;DHT22;743;47.076;15.494;2021-04-23T00:32:34;12.30;99.90
1504;DHT22;743;47.076;15.494;2021-04-23T00:35:00;12.00;99.90
1504;DHT22;743;47.076;15.494;2021-04-23T00:39:54;12.30;99.90
1504;DHT22;743;47.076;15.494;2021-04-23T00:42:22;12.20;99.90
1504;DHT22;743;47.076;15.494;2021-04-23T00:44:49;12.30;99.90
1504;DHT22;743;47.076;15.494;2021-04-23T00:47:16;12.50;99.90
1504;DHT22;743;47.076;15.494;2021-04-23T00:49:43;12.20;99.90
1504;DHT22;743;47.076;15.494;2021-04-23T00:52:10;12.20;99.90
1504;DHT22;743;47.076;15.494;2021-04-23T00:54:37;12.30;99.90
1504;DHT22;743;47.076;15.494;2021-04-23T00:57:05;12.20;99.90
1504;DHT22;743;47.076;15.494;2021-04-23T00:59:33;12.00;99.90
1504;DHT22;743;47.076;15.494;2021-04-23T01:02:03;11.90;99.90
1504;DHT22;743;47.076;15.494;2021-04-23T01:04:33;12.20;99.90
1504;DHT22;743;47.076;15.494;2021-04-23T01:09:29;12.50;99.90
1504;DHT22;743;47.076;15.494;2021-04-23T01:12:23;11.90;99.90
1504;DHT22;743;47.076;15.494;2021-04-23T01:15:11;11.50;99.90
1504;DHT22;743;47.076;15.494;2021-04-23T01:17:38;12.00;99.90
1504;DHT22;743;47.076;15.494;2021-04-23T01:20:09;12.10;99.90
1504;DHT22;743;47.076;15.494;2021-04-23T01:22:38;11.90;99.90
1504;DHT22;743;47.076;15.494;2021-04-23T01:25:07;12.00;99.90
1504;DHT22;743;47.076;15.494;2021-04-23T01:27:35;12.00;99.90
1504;DHT22;743;47.076;15.494;2021-04-23T01:30:04;11.60;99.90
1504;DHT22;743;47.076;15.494;2021-04-23T01:32:33;11.50;99.90
1504;DHT22;743;47.076;15.494;2021-04-23T01:35:01;11.40;99.90
1504;DHT22;743;47.076;15.494;2021-04-23T01:37:29;11.60;99.90
1504;DHT22;743;47.076;15.494;2021-04-23T01:40:08;11.20;99.90
1504;DHT22;743;47.076;15.494;2021-04-23T01:42:36;11.50;99.90
1504;DHT22;743;47.076;15.494;2021-04-23T01:45:05;11.50;99.90
1504;DHT22;743;47.076;15.494;2021-04-23T01:47:32;11.40;99.90
1504;DHT22;743;47.076;15.494;2021-04-23T01:49:58;11.50;99.90
1504;DHT22;743;47.076;15.494;2021-04-23T01:52:26;11.20;99.90
1504;DHT22;743;47.076;15.494;2021-04-23T01:54:54;11.70;99.90
1504;DHT22;743;47.076;15.494;2021-04-23T01:57:22;11.30;99.90
1504;DHT22;743;47.076;15.494;2021-04-23T01:59:49;10.80;99.90
1504;DHT22;743;47.076;15.494;2021-04-23T02:02:16;11.40;99.90
1504;DHT22;743;47.076;15.494;2021-04-23T02:04:44;11.30;99.90
1504;DHT22;743;47.076;15.494;2021-04-23T02:07:15;11.20;99.90
1504;DHT22;743;47.076;15.494;2021-04-23T02:12:09;11.50;99.90
1504;DHT22;743;47.076;15.494;2021-04-23T02:14:37;11.20;99.90
1504;DHT22;743;47.076;15.494;2021-04-23T02:17:05;11.10;99.90
1504;DHT22;743;47.076;15.494;2021-04-23T02:19:55;11.00;99.90
1504;DHT22;743;47.076;15.494;2021-04-23T02:22:22;11.30;99.90
1504;DHT22;743;47.076;15.494;2021-04-23T02:24:49;11.20;99.90
1504;DHT22;743;47.076;15.494;2021-04-23T02:27:16;11.10;99.90
1504;DHT22;743;47.076;15.494;2021-04-23T02:29:44;11.00;99.90
1504;DHT22;743;47.076;15.494;2021-04-23T02:32:11;10.80;99.90
1504;DHT22;743;47.076;15.494;2021-04-23T02:34:37;10.20;99.90
1504;DHT22;743;47.076;15.494;2021-04-23T02:39:31;10.50;99.90
1504;DHT22;743;47.076;15.494;2021-04-23T02:41:58;10.50;99.90
1504;DHT22;743;47.076;15.494;2021-04-23T02:44:25;10.50;99.90
1504;DHT22;743;47.076;15.494;2021-04-23T02:46:54;10.20;99.90
1504;DHT22;743;47.076;15.494;2021-04-23T02:49:21;10.20;99.90
1504;DHT22;743;47.076;15.494;2021-04-23T02:51:51;10.70;99.90
1504;DHT22;743;47.076;15.494;2021-04-23T02:54:18;10.20;99.90
1504;DHT22;743;47.076;15.494;2021-04-23T02:56:46;10.40;99.90
1504;DHT22;743;47.076;15.494;2021-04-23T03:01:51;10.30;99.90
1504;DHT22;743;47.076;15.494;2021-04-23T03:04:21;9.90;99.90
1504;DHT22;743;47.076;15.494;2021-04-23T03:06:48;10.00;99.90
1504;DHT22;743;47.076;15.494;2021-04-23T03:09:18;10.30;99.90
1504;DHT22;743;47.076;15.494;2021-04-23T03:11:45;10.20;99.90
1504;DHT22;743;47.076;15.494;2021-04-23T03:14:12;10.20;99.90
1504;DHT22;743;47.076;15.494;2021-04-23T03:16:41;10.30;99.90
1504;DHT22;743;47.076;15.494;2021-04-23T03:19:13;10.30;99.90
1504;DHT22;743;47.076;15.494;2021-04-23T03:21:44;10.30;99.90
1504;DHT22;743;47.076;15.494;2021-04-23T03:24:12;10.30;99.90
1504;DHT22;743;47.076;15.494;2021-04-23T03:26:40;10.20;99.90
1504;DHT22;743;47.076;15.494;2021-04-23T03:29:08;10.00;99.90
1504;DHT22;743;47.076;15.494;2021-04-23T03:31:37;9.60;99.90
1504;DHT22;743;47.076;15.494;2021-04-23T03:34:06;10.20;99.90
1504;DHT22;743;47.076;15.494;2021-04-23T03:39:01;10.20;99.90
1504;DHT22;743;47.076;15.494;2021-04-23T03:41:32;10.60;99.90
1504;DHT22;743;47.076;15.494;2021-04-23T03:44:00;10.00;99.90
1504;DHT22;743;47.076;15.494;2021-04-23T03:48:58;9.80;99.90
1504;DHT22;743;47.076;15.494;2021-04-23T03:53:53;9.50;99.90
1504;DHT22;743;47.076;15.494;2021-04-23T03:56:21;9.60;99.90
1504;DHT22;743;47.076;15.494;2021-04-23T03:58:49;9.70;99.90
1504;DHT22;743;47.076;15.494;2021-04-23T04:01:18;9.20;99.90
1504;DHT22;743;47.076;15.494;2021-04-23T04:03:48;9.50;99.90
1504;DHT22;743;47.076;15.494;2021-04-23T04:08:42;9.30;99.90
1504;DHT22;743;47.076;15.494;2021-04-23T04:11:09;9.40;99.90
1504;DHT22;743;47.076;15.494;2021-04-23T04:13:37;9.80;99.90
1504;DHT22;743;47.076;15.494;2021-04-23T04:16:05;9.60;99.90
1504;DHT22;743;47.076;15.494;2021-04-23T04:18:32;9.70;99.90
1504;DHT22;743;47.076;15.494;2021-04-23T04:20:59;9.40;99.90
1504;DHT22;743;47.076;15.494;2021-04-23T04:23:26;9.90;99.90
1504;DHT22;743;47.076;15.494;2021-04-23T04:25:55;9.60;99.90
1504;DHT22;743;47.076;15.494;2021-04-23T04:28:24;10.10;99.90
1504;DHT22;743;47.076;15.494;2021-04-23T04:30:52;9.90;99.90
1504;DHT22;743;47.076;15.494;2021-04-23T04:33:19;9.90;99.90
1504;DHT22;743;47.076;15.494;2021-04-23T04:35:46;9.50;99.90
1504;DHT22;743;47.076;15.494;2021-04-23T04:38:14;9.80;99.90
1504;DHT22;743;47.076;15.494;2021-04-23T04:40:43;9.90;99.90
1504;DHT22;743;47.076;15.494;2021-04-23T04:43:12;10.00;99.90
1504;DHT22;743;47.076;15.494;2021-04-23T04:45:39;10.30;99.90
1504;DHT22;743;47.076;15.494;2021-04-23T04:48:10;10.00;99.90
1504;DHT22;743;47.076;15.494;2021-04-23T04:50:39;10.10;99.90
1504;DHT22;743;47.076;15.494;2021-04-23T04:53:09;10.00;99.90
1504;DHT22;743;47.076;15.494;2021-04-23T04:55:38;10.30;99.90
1504;DHT22;743;47.076;15.494;2021-04-23T04:58:06;10.10;99.90
1504;DHT22;743;47.076;15.494;2021-04-23T05:00:34;10.20;99.90
1504;DHT22;743;47.076;15.494;2021-04-23T05:03:01;10.60;99.90
1504;DHT22;743;47.076;15.494;2021-04-23T05:05:29;10.50;99.90
1504;DHT22;743;47.076;15.494;2021-04-23T05:07:57;10.70;99.90
1504;DHT22;743;47.076;15.494;2021-04-23T05:10:26;11.00;99.90
1504;DHT22;743;47.076;15.494;2021-04-23T05:12:53;10.80;99.90
1504;DHT22;743;47.076;15.494;2021-04-23T05:15:21;11.00;99.90
1504;DHT22;743;47.076;15.494;2021-04-23T05:17:49;11.10;99.90
1504;DHT22;743;47.076;15.494;2021-04-23T05:20:17;11.00;99.90
1504;DHT22;743;47.076;15.494;2021-04-23T05:22:46;10.90;99.90
1504;DHT22;743;47.076;15.494;2021-04-23T05:25:15;11.00;99.90
1504;DHT22;743;47.076;15.494;2021-04-23T05:27:42;11.20;99.90
1504;DHT22;743;47.076;15.494;2021-04-23T05:30:11;11.40;99.90
1504;DHT22;743;47.076;15.494;2021-04-23T05:32:39;11.30;99.90
1504;DHT22;743;47.076;15.494;2021-04-23T05:35:10;11.80;99.90
1504;DHT22;743;47.076;15.494;2021-04-23T05:37:37;12.00;99.90
1504;DHT22;743;47.076;15.494;2021-04-23T05:42:35;12.20;99.90
1504;DHT22;743;47.076;15.494;2021-04-23T05:45:02;12.30;99.90
1504;DHT22;743;47.076;15.494;2021-04-23T05:47:29;12.50;99.90
1504;DHT22;743;47.076;15.494;2021-04-23T05:49:57;12.20;99.90
1504;DHT22;743;47.076;15.494;2021-04-23T05:52:25;12.20;99.90
1504;DHT22;743;47.076;15.494;2021-04-23T05:54:54;12.10;99.90
1504;DHT22;743;47.076;15.494;2021-04-23T05:57:23;12.30;99.90
1504;DHT22;743;47.076;15.494;2021-04-23T05:59:50;12.60;99.90
1504;DHT22;743;47.076;15.494;2021-04-23T06:02:17;12.70;99.90
1504;DHT22;743;47.076;15.494;2021-04-23T06:04:44;12.50;99.90
1504;DHT22;743;47.076;15.494;2021-04-23T06:07:11;12.60;99.90
1504;DHT22;743;47.076;15.494;2021-04-23T06:09:38;12.70;99.90
1504;DHT22;743;47.076;15.494;2021-04-23T06:12:05;12.90;99.90
1504;DHT22;743;47.076;15.494;2021-04-23T06:14:33;13.00;96.40
1504;DHT22;743;47.076;15.494;2021-04-23T06:17:00;13.30;91.40
1504;DHT22;743;47.076;15.494;2021-04-23T06:19:31;13.10;89.70
1504;DHT22;743;47.076;15.494;2021-04-23T06:21:58;13.40;86.10
1504;DHT22;743;47.076;15.494;2021-04-23T06:24:25;13.30;85.10
1504;DHT22;743;47.076;15.494;2021-04-23T06:26:52;13.50;82.60
1504;DHT22;743;47.076;15.494;2021-04-23T06:29:19;13.50;85.60
1504;DHT22;743;47.076;15.494;2021-04-23T06:31:46;13.60;81.80
1504;DHT22;743;47.076;15.494;2021-04-23T06:34:13;13.40;80.70
1504;DHT22;743;47.076;15.494;2021-04-23T06:36:40;13.50;83.30
1504;DHT22;743;47.076;15.494;2021-04-23T06:39:13;13.30;84.00
1504;DHT22;743;47.076;15.494;2021-04-23T06:44:09;11.10;76.60
1504;DHT22;743;47.076;15.494;2021-04-23T06:46:39;13.90;78.40
1504;DHT22;743;47.076;15.494;2021-04-23T06:49:10;14.50;81.90
1504;DHT22;743;47.076;15.494;2021-04-23T06:51:37;14.00;76.90
1504;DHT22;743;47.076;15.494;2021-04-23T06:54:05;14.20;80.00
1504;DHT22;743;47.076;15.494;2021-04-23T06:56:32;14.10;75.10
1504;DHT22;743;47.076;15.494;2021-04-23T06:58:59;14.20;75.00
1504;DHT22;743;47.076;15.494;2021-04-23T07:01:27;14.10;79.00
1504;DHT22;743;47.076;15.494;2021-04-23T07:03:54;14.20;74.10
1504;DHT22;743;47.076;15.494;2021-04-23T07:06:21;13.90;73.90
1504;DHT22;743;47.076;15.494;2021-04-23T07:08:48;14.00;76.20
1504;DHT22;743;47.076;15.494;2021-04-23T07:13:43;14.00;73.20
1504;DHT22;743;47.076;15.494;2021-04-23T07:16:10;14.40;74.20
1504;DHT22;743;47.076;15.494;2021-04-23T07:18:37;14.70;72.40
1504;DHT22;743;47.076;15.494;2021-04-23T07:21:03;14.30;73.50
1504;DHT22;743;47.076;15.494;2021-04-23T07:23:31;14.40;71.90
1504;DHT22;743;47.076;15.494;2021-04-23T07:25:58;14.40;75.10
1504;DHT22;743;47.076;15.494;2021-04-23T07:28:25;14.50;71.80
1504;DHT22;743;47.076;15.494;2021-04-23T07:30:51;14.90;74.40
1504;DHT22;743;47.076;15.494;2021-04-23T07:33:18;14.60;74.40
1504;DHT22;743;47.076;15.494;2021-04-23T07:35:46;14.60;76.00
1504;DHT22;743;47.076;15.494;2021-04-23T07:38:15;14.70;76.00
1504;DHT22;743;47.076;15.494;2021-04-23T07:40:43;14.90;73.90
1504;DHT22;743;47.076;15.494;2021-04-23T07:43:10;14.90;75.40
1504;DHT22;743;47.076;15.494;2021-04-23T07:45:37;15.20;77.50
1504;DHT22;743;47.076;15.494;2021-04-23T07:48:05;15.10;74.90
1504;DHT22;743;47.076;15.494;2021-04-23T07:50:33;15.10;73.60
1504;DHT22;743;47.076;15.494;2021-04-23T07:53:00;15.50;75.70
1504;DHT22;743;47.076;15.494;2021-04-23T07:55:26;15.20;75.30
1504;DHT22;743;47.076;15.494;2021-04-23T07:57:57;15.40;75.90
1504;DHT22;743;47.076;15.494;2021-04-23T08:00:25;15.20;75.50
1504;DHT22;743;47.076;15.494;2021-04-23T08:02:54;15.30;75.80
1504;DHT22;743;47.076;15.494;2021-04-23T08:05:22;15.20;72.90
1504;DHT22;743;47.076;15.494;2021-04-23T08:07:50;15.30;72.40
1504;DHT22;743;47.076;15.494;2021-04-23T08:10:19;15.80;75.40
1504;DHT22;743;47.076;15.494;2021-04-23T08:12:49;15.20;71.70
1504;DHT22;743;47.076;15.494;2021-04-23T08:15:21;15.30;74.30
1504;DHT22;743;47.076;15.494;2021-04-23T08:17:54;15.10;73.90
1504;DHT22;743;47.076;15.494;2021-04-23T08:20:21;15.60;73.00
1504;DHT22;743;47.076;15.494;2021-04-23T08:22:48;15.30;74.70
1504;DHT22;743;47.076;15.494;2021-04-23T08:25:15;15.70;74.20
1504;DHT22;743;47.076;15.494;2021-04-23T08:27:44;16.10;74.50
1504;DHT22;743;47.076;15.494;2021-04-23T08:30:12;15.80;70.30
1504;DHT22;743;47.076;15.494;2021-04-23T08:32:40;15.80;69.70
1504;DHT22;743;47.076;15.494;2021-04-23T08:35:09;15.90;71.00
1504;DHT22;743;47.076;15.494;2021-04-23T08:37:36;15.80;68.60
1504;DHT22;743;47.076;15.494;2021-04-23T08:40:06;15.60;67.70
1504;DHT22;743;47.076;15.494;2021-04-23T08:42:34;15.70;69.10
1504;DHT22;743;47.076;15.494;2021-04-23T08:45:04;15.80;68.70
1504;DHT22;743;47.076;15.494;2021-04-23T08:47:31;16.00;68.00
1504;DHT22;743;47.076;15.494;2021-04-23T08:49:59;16.20;66.20
1504;DHT22;743;47.076;15.494;2021-04-23T08:52:26;16.60;65.20
1504;DHT22;743;47.076;15.494;2021-04-23T08:54:55;16.90;66.70
1504;DHT22;743;47.076;15.494;2021-04-23T08:57:22;16.90;66.60
1504;DHT22;743;47.076;15.494;2021-04-23T08:59:51;16.80;64.00
1504;DHT22;743;47.076;15.494;2021-04-23T09:04:46;17.10;63.60
1504;DHT22;743;47.076;15.494;2021-04-23T09:07:14;16.80;63.10
1504;DHT22;743;47.076;15.494;2021-04-23T09:09:43;17.00;64.70
1504;DHT22;743;47.076;15.494;2021-04-23T09:12:18;16.90;65.30
1504;DHT22;743;47.076;15.494;2021-04-23T09:14:45;17.20;63.20
1504;DHT22;743;47.076;15.494;2021-04-23T09:17:18;17.10;64.80
1504;DHT22;743;47.076;15.494;2021-04-23T09:19:46;17.10;64.50
1504;DHT22;743;47.076;15.494;2021-04-23T09:22:25;16.80;64.00
1504;DHT22;743;47.076;15.494;2021-04-23T09:24:57;17.20;62.60
1504;DHT22;743;47.076;15.494;2021-04-23T09:27:28;17.00;64.00
1504;DHT22;743;47.076;15.494;2021-04-23T09:29:57;16.50;64.80
1504;DHT22;743;47.076;15.494;2021-04-23T09:32:28;16.60;63.30
1504;DHT22;743;47.076;15.494;2021-04-23T09:34:57;17.00;63.10
1504;DHT22;743;47.076;15.494;2021-04-23T09:37:27;17.10;63.20
1504;DHT22;743;47.076;15.494;2021-04-23T09:40:06;17.20;59.80
1504;DHT22;743;47.076;15.494;2021-04-23T09:42:43;17.10;60.20
1504;DHT22;743;47.076;15.494;2021-04-23T09:45:11;17.40;59.10
1504;DHT22;743;47.076;15.494;2021-04-23T09:47:38;17.20;62.00
1504;DHT22;743;47.076;15.494;2021-04-23T09:50:07;17.40;60.20
1504;DHT22;743;47.076;15.494;2021-04-23T09:52:45;17.30;59.20
1504;DHT22;743;47.076;15.494;2021-04-23T09:55:15;17.30;59.90
1504;DHT22;743;47.076;15.494;2021-04-23T09:57:49;17.30;59.50
1504;DHT22;743;47.076;15.494;2021-04-23T10:00:18;17.70;59.80
1504;DHT22;743;47.076;15.494;2021-04-23T10:02:49;17.60;56.10
1504;DHT22;743;47.076;15.494;2021-04-23T10:05:35;17.60;56.30
1504;DHT22;743;47.076;15.494;2021-04-23T10:08:05;17.50;58.40
1504;DHT22;743;47.076;15.494;2021-04-23T10:10:33;17.80;57.40
1504;DHT22;743;47.076;15.494;2021-04-23T10:13:01;17.80;58.90
1504;DHT22;743;47.076;15.494;2021-04-23T10:15:30;17.80;58.70
1504;DHT22;743;47.076;15.494;2021-04-23T10:17:58;17.90;58.10
1504;DHT22;743;47.076;15.494;2021-04-23T10:20:27;18.20;58.30
1504;DHT22;743;47.076;15.494;2021-04-23T10:22:54;18.00;58.60
1504;DHT22;743;47.076;15.494;2021-04-23T10:25:23;18.60;57.40
1504;DHT22;743;47.076;15.494;2021-04-23T10:27:52;18.00;57.90
1504;DHT22;743;47.076;15.494;2021-04-23T10:30:22;18.70;57.00
1504;DHT22;743;47.076;15.494;2021-04-23T10:32:53;18.10;55.80
1504;DHT22;743;47.076;15.494;2021-04-23T10:35:20;18.30;53.50
1504;DHT22;743;47.076;15.494;2021-04-23T10:37:49;18.60;56.80
1504;DHT22;743;47.076;15.494;2021-04-23T10:40:20;18.30;56.60
1504;DHT22;743;47.076;15.494;2021-04-23T10:42:58;18.60;58.30
1504;DHT22;743;47.076;15.494;2021-04-23T10:45:36;18.30;56.10
1504;DHT22;743;47.076;15.494;2021-04-23T10:48:24;17.70;56.70
1504;DHT22;743;47.076;15.494;2021-04-23T10:50:52;18.20;57.00
1504;DHT22;743;47.076;15.494;2021-04-23T10:53:21;18.10;56.20
1504;DHT22;743;47.076;15.494;2021-04-23T10:55:59;18.20;53.50
1504;DHT22;743;47.076;15.494;2021-04-23T10:58:38;18.20;53.90
1504;DHT22;743;47.076;15.494;2021-04-23T11:01:26;18.70;56.00
1504;DHT22;743;47.076;15.494;2021-04-23T11:03:59;18.40;53.90
1504;DHT22;743;47.076;15.494;2021-04-23T11:06:28;18.30;58.40
1504;DHT22;743;47.076;15.494;2021-04-23T11:09:08;18.40;54.90
1504;DHT22;743;47.076;15.494;2021-04-23T11:11:38;18.40;52.70
1504;DHT22;743;47.076;15.494;2021-04-23T11:14:26;18.60;55.40
1504;DHT22;743;47.076;15.494;2021-04-23T11:16:54;18.30;55.10
1504;DHT22;743;47.076;15.494;2021-04-23T11:19:36;18.60;53.00
1504;DHT22;743;47.076;15.494;2021-04-23T11:25:09;18.70;52.60
1504;DHT22;743;47.076;15.494;2021-04-23T11:28:07;18.70;54.30
1504;DHT22;743;47.076;15.494;2021-04-23T11:31:04;18.80;54.80
1504;DHT22;743;47.076;15.494;2021-04-23T11:33:50;19.40;55.30
1504;DHT22;743;47.076;15.494;2021-04-23T11:36:40;19.80;53.30
1504;DHT22;743;47.076;15.494;2021-04-23T11:39:10;19.40;56.50
1504;DHT22;743;47.076;15.494;2021-04-23T11:41:38;19.80;51.50
1504;DHT22;743;47.076;15.494;2021-04-23T11:44:38;19.70;51.00
1504;DHT22;743;47.076;15.494;2021-04-23T11:47:07;19.70;53.30
1504;DHT22;743;47.076;15.494;2021-04-23T11:49:34;19.50;53.30
1504;DHT22;743;47.076;15.494;2021-04-23T11:52:01;19.80;55.50
1504;DHT22;743;47.076;15.494;2021-04-23T11:54:30;24.10;55.40
1504;DHT22;743;47.076;15.494;2021-04-23T11:56:59;20.50;53.40
1504;DHT22;743;47.076;15.494;2021-04-23T11:59:27;20.30;55.30
1504;DHT22;743;47.076;15.494;2021-04-23T12:01:56;20.40;53.70
1504;DHT22;743;47.076;15.494;2021-04-23T12:04:45;20.70;48.30
1504;DHT22;743;47.076;15.494;2021-04-23T12:07:14;20.60;47.40
1504;DHT22;743;47.076;15.494;2021-04-23T12:09:41;20.80;46.90
1504;DHT22;743;47.076;15.494;2021-04-23T12:12:10;21.20;47.70
1504;DHT22;743;47.076;15.494;2021-04-23T12:14:48;21.10;46.40
1504;DHT22;743;47.076;15.494;2021-04-23T12:17:15;21.50;46.80
1504;DHT22;743;47.076;15.494;2021-04-23T12:19:45;21.60;45.40
1504;DHT22;743;47.076;15.494;2021-04-23T12:24:41;22.10;48.30
1504;DHT22;743;47.076;15.494;2021-04-23T12:27:08;21.90;49.10
1504;DHT22;743;47.076;15.494;2021-04-23T12:29:35;21.50;45.80
1504;DHT22;743;47.076;15.494;2021-04-23T12:32:02;21.50;47.90
1504;DHT22;743;47.076;15.494;2021-04-23T12:36:56;22.10;46.80
1504;DHT22;743;47.076;15.494;2021-04-23T12:39:25;21.50;43.30
1504;DHT22;743;47.076;15.494;2021-04-23T12:41:53;21.70;44.40
1504;DHT22;743;47.076;15.494;2021-04-23T12:44:22;21.50;46.20
1504;DHT22;743;47.076;15.494;2021-04-23T12:46:51;21.50;44.60
1504;DHT22;743;47.076;15.494;2021-04-23T12:49:22;21.50;45.20
1504;DHT22;743;47.076;15.494;2021-04-23T12:51:51;21.80;48.60
1504;DHT22;743;47.076;15.494;2021-04-23T12:54:21;24.20;49.50
1504;DHT22;743;47.076;15.494;2021-04-23T12:56:58;22.20;46.10
1504;DHT22;743;47.076;15.494;2021-04-23T12:59:41;21.90;44.70
1504;DHT22;743;47.076;15.494;2021-04-23T13:02:10;22.60;43.00
1504;DHT22;743;47.076;15.494;2021-04-23T13:04:38;22.20;43.00
1504;DHT22;743;47.076;15.494;2021-04-23T13:07:12;22.30;44.20
1504;DHT22;743;47.076;15.494;2021-04-23T13:09:40;22.20;44.10
1504;DHT22;743;47.076;15.494;2021-04-23T13:12:18;22.70;47.70
1504;DHT22;743;47.076;15.494;2021-04-23T13:14:46;22.60;45.80
1504;DHT22;743;47.076;15.494;2021-04-23T13:17:13;22.60;43.50
1504;DHT22;743;47.076;15.494;2021-04-23T13:19:42;22.90;43.10
1504;DHT22;743;47.076;15.494;2021-04-23T13:22:28;22.90;43.60
1504;DHT22;743;47.076;15.494;2021-04-23T13:25:15;23.00;42.40
1504;DHT22;743;47.076;15.494;2021-04-23T13:27:46;23.50;41.30
1504;DHT22;743;47.076;15.494;2021-04-23T13:33:05;23.80;39.20
1504;DHT22;743;47.076;15.494;2021-04-23T13:35:36;23.90;40.90
1504;DHT22;743;47.076;15.494;2021-04-23T13:38:20;24.10;37.80
1504;DHT22;743;47.076;15.494;2021-04-23T13:40:49;24.10;38.40
1504;DHT22;743;47.076;15.494;2021-04-23T13:43:17;24.20;42.00
1504;DHT22;743;47.076;15.494;2021-04-23T13:45:56;24.60;40.30
1504;DHT22;743;47.076;15.494;2021-04-23T13:48:24;24.80;38.10
1504;DHT22;743;47.076;15.494;2021-04-23T13:50:55;24.60;40.40
1504;DHT22;743;47.076;15.494;2021-04-23T13:53:32;25.10;37.70
1504;DHT22;743;47.076;15.494;2021-04-23T13:56:01;24.90;36.40
1504;DHT22;743;47.076;15.494;2021-04-23T13:58:29;25.20;38.90
1504;DHT22;743;47.076;15.494;2021-04-23T14:00:58;25.00;37.60
1504;DHT22;743;47.076;15.494;2021-04-23T14:03:26;25.00;38.20
1504;DHT22;743;47.076;15.494;2021-04-23T14:05:54;25.20;38.10
1504;DHT22;743;47.076;15.494;2021-04-23T14:08:21;25.30;38.10
1504;DHT22;743;47.076;15.494;2021-04-23T14:10:48;25.00;41.30
1504;DHT22;743;47.076;15.494;2021-04-23T14:13:15;25.30;40.30
1504;DHT22;743;47.076;15.494;2021-04-23T14:15:42;24.60;42.20
1504;DHT22;743;47.076;15.494;2021-04-23T14:18:08;24.90;41.30
1504;DHT22;743;47.076;15.494;2021-04-23T14:20:35;25.10;39.70
1504;DHT22;743;47.076;15.494;2021-04-23T14:23:01;25.00;40.90
1504;DHT22;743;47.076;15.494;2021-04-23T14:25:28;24.90;40.40
1504;DHT22;743;47.076;15.494;2021-04-23T14:27:55;25.30;41.20
1504;DHT22;743;47.076;15.494;2021-04-23T14:30:24;25.40;39.70
1504;DHT22;743;47.076;15.494;2021-04-23T14:32:50;25.50;41.80
1504;DHT22;743;47.076;15.494;2021-04-23T14:35:17;25.50;40.10
1504;DHT22;743;47.076;15.494;2021-04-23T14:37:44;25.50;41.90
1504;DHT22;743;47.076;15.494;2021-04-23T14:40:11;25.30;40.80
1504;DHT22;743;47.076;15.494;2021-04-23T14:45:07;25.10;36.50
1504;DHT22;743;47.076;15.494;2021-04-23T14:47:35;25.10;36.20
1504;DHT22;743;47.076;15.494;2021-04-23T14:50:02;25.50;34.60
1504;DHT22;743;47.076;15.494;2021-04-23T14:52:29;25.20;32.40
1504;DHT22;743;47.076;15.494;2021-04-23T14:54:56;25.40;37.20
1504;DHT22;743;47.076;15.494;2021-04-23T14:57:22;25.60;36.20
1504;DHT22;743;47.076;15.494;2021-04-23T14:59:49;25.60;40.40
1504;DHT22;743;47.076;15.494;2021-04-23T15:04:45;26.00;41.90
1504;DHT22;743;47.076;15.494;2021-04-23T15:07:12;25.70;39.90
1504;DHT22;743;47.076;15.494;2021-04-23T15:12:07;26.00;40.70
1504;DHT22;743;47.076;15.494;2021-04-23T15:14:34;26.70;41.00
1504;DHT22;743;47.076;15.494;2021-04-23T15:17:02;26.70;38.80
1504;DHT22;743;47.076;15.494;2021-04-23T15:19:29;26.80;39.00
1504;DHT22;743;47.076;15.494;2021-04-23T15:21:56;26.90;39.10
1504;DHT22;743;47.076;15.494;2021-04-23T15:24:24;26.50;39.80
1504;DHT22;743;47.076;15.494;2021-04-23T15:26:51;26.90;41.20
1504;DHT22;743;47.076;15.494;2021-04-23T15:31:45;26.70;39.80
1504;DHT22;743;47.076;15.494;2021-04-23T15:39:06;27.60;37.50
1504;DHT22;743;47.076;15.494;2021-04-23T15:48:55;27.10;40.10
1504;DHT22;743;47.076;15.494;2021-04-23T15:51:23;27.50;39.70
1504;DHT22;743;47.076;15.494;2021-04-23T15:53:50;27.40;41.90
1504;DHT22;743;47.076;15.494;2021-04-23T15:56:19;26.30;40.60
1504;DHT22;743;47.076;15.494;2021-04-23T15:58:46;25.70;41.30
1504;DHT22;743;47.076;15.494;2021-04-23T16:01:13;25.60;42.40
1504;DHT22;743;47.076;15.494;2021-04-23T16:03:39;25.40;43.10
1504;DHT22;743;47.076;15.494;2021-04-23T16:06:06;24.40;42.20
1504;DHT22;743;47.076;15.494;2021-04-23T16:08:34;23.80;45.20
1504;DHT22;743;47.076;15.494;2021-04-23T16:11:01;23.80;45.20
1504;DHT22;743;47.076;15.494;2021-04-23T16:13:31;23.50;45.10
1504;DHT22;743;47.076;15.494;2021-04-23T16:18:25;22.50;44.60
1504;DHT22;743;47.076;15.494;2021-04-23T16:20:52;22.30;45.70
1504;DHT22;743;47.076;15.494;2021-04-23T16:23:19;22.40;47.40
1504;DHT22;743;47.076;15.494;2021-04-23T16:25:46;22.40;47.20
1504;DHT22;743;47.076;15.494;2021-04-23T16:28:12;22.00;47.90
1504;DHT22;743;47.076;15.494;2021-04-23T16:30:40;22.10;46.20
1504;DHT22;743;47.076;15.494;2021-04-23T16:33:07;21.80;47.60
1504;DHT22;743;47.076;15.494;2021-04-23T16:38:00;21.50;46.90
1504;DHT22;743;47.076;15.494;2021-04-23T16:40:28;21.30;47.70
1504;DHT22;743;47.076;15.494;2021-04-23T16:42:56;21.60;47.70
1504;DHT22;743;47.076;15.494;2021-04-23T16:45:23;21.70;50.00
1504;DHT22;743;47.076;15.494;2021-04-23T16:47:51;21.40;49.10
1504;DHT22;743;47.076;15.494;2021-04-23T16:50:19;20.90;49.00
1504;DHT22;743;47.076;15.494;2021-04-23T16:55:14;20.20;49.50
1504;DHT22;743;47.076;15.494;2021-04-23T16:57:41;21.00;50.60
1504;DHT22;743;47.076;15.494;2021-04-23T17:00:11;20.40;50.40
1504;DHT22;743;47.076;15.494;2021-04-23T17:02:38;20.70;48.70
1504;DHT22;743;47.076;15.494;2021-04-23T17:05:07;20.40;50.80
1504;DHT22;743;47.076;15.494;2021-04-23T17:07:34;20.30;48.30
1504;DHT22;743;47.076;15.494;2021-04-23T17:10:06;20.20;48.60
1504;DHT22;743;47.076;15.494;2021-04-23T17:12:33;19.80;50.50
1504;DHT22;743;47.076;15.494;2021-04-23T17:15:00;19.70;51.10
1504;DHT22;743;47.076;15.494;2021-04-23T17:17:27;20.00;52.40
1504;DHT22;743;47.076;15.494;2021-04-23T17:19:55;19.70;51.90
1504;DHT22;743;47.076;15.494;2021-04-23T17:22:23;19.60;51.80
1504;DHT22;743;47.076;15.494;2021-04-23T17:24:49;22.20;53.30
1504;DHT22;743;47.076;15.494;2021-04-23T17:27:16;19.70;52.20
1504;DHT22;743;47.076;15.494;2021-04-23T17:32:09;19.80;50.40
1504;DHT22;743;47.076;15.494;2021-04-23T17:34:36;19.50;51.40
1504;DHT22;743;47.076;15.494;2021-04-23T17:37:04;19.20;53.10
1504;DHT22;743;47.076;15.494;2021-04-23T17:39:32;19.50;50.80
1504;DHT22;743;47.076;15.494;2021-04-23T17:41:59;19.30;51.00
1504;DHT22;743;47.076;15.494;2021-04-23T17:44:26;18.60;52.70
1504;DHT22;743;47.076;15.494;2021-04-23T17:46:54;19.20;54.40
1504;DHT22;743;47.076;15.494;2021-04-23T17:49:24;19.10;54.50
1504;DHT22;743;47.076;15.494;2021-04-23T17:56:46;18.80;53.20
1504;DHT22;743;47.076;15.494;2021-04-23T17:59:12;19.10;53.30
1504;DHT22;743;47.076;15.494;2021-04-23T18:01:39;18.40;55.70
1504;DHT22;743;47.076;15.494;2021-04-23T18:04:07;18.80;55.80
1504;DHT22;743;47.076;15.494;2021-04-23T18:06:37;18.60;54.40
1504;DHT22;743;47.076;15.494;2021-04-23T18:09:04;18.70;54.50
1504;DHT22;743;47.076;15.494;2021-04-23T18:11:33;18.50;54.50
1504;DHT22;743;47.076;15.494;2021-04-23T18:14:02;18.00;55.80
1504;DHT22;743;47.076;15.494;2021-04-23T18:16:29;18.10;55.90
1504;DHT22;743;47.076;15.494;2021-04-23T18:18:56;17.70;56.90
1504;DHT22;743;47.076;15.494;2021-04-23T18:21:23;17.60;58.00
1504;DHT22;743;47.076;15.494;2021-04-23T18:23:51;17.70;57.20
1504;DHT22;743;47.076;15.494;2021-04-23T18:26:18;17.70;57.30
1504;DHT22;743;47.076;15.494;2021-04-23T18:28:45;17.40;59.00
1504;DHT22;743;47.076;15.494;2021-04-23T18:31:13;18.10;57.30
1504;DHT22;743;47.076;15.494;2021-04-23T18:33:41;17.90;60.20
1504;DHT22;743;47.076;15.494;2021-04-23T18:36:08;17.50;58.20
1504;DHT22;743;47.076;15.494;2021-04-23T18:38:36;17.50;61.00
1504;DHT22;743;47.076;15.494;2021-04-23T18:41:03;17.40;61.50
1504;DHT22;743;47.076;15.494;2021-04-23T18:43:31;16.80;61.60
1504;DHT22;743;47.076;15.494;2021-04-23T18:46:00;17.00;61.90
1504;DHT22;743;47.076;15.494;2021-04-23T18:48:29;17.00;59.70
1504;DHT22;743;47.076;15.494;2021-04-23T18:53:25;16.90;59.70
1504;DHT22;743;47.076;15.494;2021-04-23T18:55:55;17.00;64.70
1504;DHT22;743;47.076;15.494;2021-04-23T18:58:21;16.60;63.50
1504;DHT22;743;47.076;15.494;2021-04-23T19:00:48;16.70;60.60
1504;DHT22;743;47.076;15.494;2021-04-23T19:03:15;16.20;61.60
1504;DHT22;743;47.076;15.494;2021-04-23T19:05:46;16.40;64.20
1504;DHT22;743;47.076;15.494;2021-04-23T19:08:13;16.30;61.90
1504;DHT22;743;47.076;15.494;2021-04-23T19:10:40;16.30;66.50
1504;DHT22;743;47.076;15.494;2021-04-23T19:13:07;16.20;62.10
1504;DHT22;743;47.076;15.494;2021-04-23T19:15:34;16.10;62.10
1504;DHT22;743;47.076;15.494;2021-04-23T19:18:01;16.10;67.10
1504;DHT22;743;47.076;15.494;2021-04-23T19:20:27;15.70;66.20
1504;DHT22;743;47.076;15.494;2021-04-23T19:22:55;15.60;66.20
1504;DHT22;743;47.076;15.494;2021-04-23T19:25:22;15.70;63.50
1504;DHT22;743;47.076;15.494;2021-04-23T19:27:50;15.70;63.50
1504;DHT22;743;47.076;15.494;2021-04-23T19:30:18;15.40;67.50
1504;DHT22;743;47.076;15.494;2021-04-23T19:32:46;16.10;64.70
1504;DHT22;743;47.076;15.494;2021-04-23T19:35:14;15.60;63.90
1504;DHT22;743;47.076;15.494;2021-04-23T19:37:44;15.40;64.10
1504;DHT22;743;47.076;15.494;2021-04-23T19:40:14;15.30;66.60
1504;DHT22;743;47.076;15.494;2021-04-23T19:45:12;15.60;67.50
1504;DHT22;743;47.076;15.494;2021-04-23T19:47:43;15.60;69.00
1504;DHT22;743;47.076;15.494;2021-04-23T19:50:11;15.10;68.40
1504;DHT22;743;47.076;15.494;2021-04-23T19:52:39;15.10;66.20
1504;DHT22;743;47.076;15.494;2021-04-23T19:55:08;14.90;68.50
1504;DHT22;743;47.076;15.494;2021-04-23T19:57:37;14.80;65.60
1504;DHT22;743;47.076;15.494;2021-04-23T20:00:05;14.90;65.80
1504;DHT22;743;47.076;15.494;2021-04-23T20:02:33;14.70;68.90
1504;DHT22;743;47.076;15.494;2021-04-23T20:04:59;15.10;67.00
1504;DHT22;743;47.076;15.494;2021-04-23T20:07:26;14.90;66.20
1504;DHT22;743;47.076;15.494;2021-04-23T20:09:53;14.70;69.30
1504;DHT22;743;47.076;15.494;2021-04-23T20:12:19;14.40;66.00
1504;DHT22;743;47.076;15.494;2021-04-23T20:14:47;14.70;66.50
1504;DHT22;743;47.076;15.494;2021-04-23T20:17:16;14.40;70.00
1504;DHT22;743;47.076;15.494;2021-04-23T20:19:44;14.70;68.00
1504;DHT22;743;47.076;15.494;2021-04-23T20:22:11;14.50;67.00
1504;DHT22;743;47.076;15.494;2021-04-23T20:24:38;14.50;70.20
1504;DHT22;743;47.076;15.494;2021-04-23T20:29:32;14.60;70.20
1504;DHT22;743;47.076;15.494;2021-04-23T20:32:05;14.50;67.00
1504;DHT22;743;47.076;15.494;2021-04-23T20:34:32;14.80;68.90
1504;DHT22;743;47.076;15.494;2021-04-23T20:36:58;14.40;67.70
1504;DHT22;743;47.076;15.494;2021-04-23T20:39:25;14.40;71.30
1504;DHT22;743;47.076;15.494;2021-04-23T20:41:52;14.10;68.70
1504;DHT22;743;47.076;15.494;2021-04-23T20:44:19;14.30;70.00
1504;DHT22;743;47.076;15.494;2021-04-23T20:46:47;14.00;68.60
1504;DHT22;743;47.076;15.494;2021-04-23T20:49:15;13.90;68.90
1504;DHT22;743;47.076;15.494;2021-04-23T20:51:42;13.90;69.00
1504;DHT22;743;47.076;15.494;2021-04-23T20:54:08;13.80;72.20
1504;DHT22;743;47.076;15.494;2021-04-23T20:56:35;13.70;71.60
1504;DHT22;743;47.076;15.494;2021-04-23T20:59:02;13.90;68.80
1504;DHT22;743;47.076;15.494;2021-04-23T21:01:29;13.80;69.10
1504;DHT22;743;47.076;15.494;2021-04-23T21:03:55;13.80;72.40
1504;DHT22;743;47.076;15.494;2021-04-23T21:06:23;13.80;72.30
1504;DHT22;743;47.076;15.494;2021-04-23T21:08:50;13.80;69.70
1504;DHT22;743;47.076;15.494;2021-04-23T21:13:44;13.90;73.40
1504;DHT22;743;47.076;15.494;2021-04-23T21:16:10;13.80;73.90
1504;DHT22;743;47.076;15.494;2021-04-23T21:18:37;13.60;73.10
1504;DHT22;743;47.076;15.494;2021-04-23T21:21:04;13.50;73.20
1504;DHT22;743;47.076;15.494;2021-04-23T21:23:32;13.20;73.20
1504;DHT22;743;47.076;15.494;2021-04-23T21:25:59;13.80;70.80
1504;DHT22;743;47.076;15.494;2021-04-23T21:28:25;13.40;71.10
1504;DHT22;743;47.076;15.494;2021-04-23T21:33:20;13.70;74.00
1504;DHT22;743;47.076;15.494;2021-04-23T21:38:14;13.20;74.30
1504;DHT22;743;47.076;15.494;2021-04-23T21:40:42;13.20;71.10
1504;DHT22;743;47.076;15.494;2021-04-23T21:43:09;13.50;72.90
1504;DHT22;743;47.076;15.494;2021-04-23T21:45:37;13.00;71.90
1504;DHT22;743;47.076;15.494;2021-04-23T21:48:04;12.60;72.30
1504;DHT22;743;47.076;15.494;2021-04-23T21:50:31;12.70;75.00
1504;DHT22;743;47.076;15.494;2021-04-23T21:52:58;13.20;76.00
1504;DHT22;743;47.076;15.494;2021-04-23T21:55:25;12.70;75.80
1504;DHT22;743;47.076;15.494;2021-04-23T21:57:52;12.80;75.80
1504;DHT22;743;47.076;15.494;2021-04-23T22:00:20;13.00;73.80
1504;DHT22;743;47.076;15.494;2021-04-23T22:02:49;12.60;71.50
1504;DHT22;743;47.076;15.494;2021-04-23T22:05:16;12.80;75.50
1504;DHT22;743;47.076;15.494;2021-04-23T22:07:44;13.00;76.10
1504;DHT22;743;47.076;15.494;2021-04-23T22:10:12;12.80;76.70
1504;DHT22;743;47.076;15.494;2021-04-23T22:12:40;12.50;73.20
1504;DHT22;743;47.076;15.494;2021-04-23T22:15:10;12.60;73.00
1504;DHT22;743;47.076;15.494;2021-04-23T22:17:38;12.50;76.40
1504;DHT22;743;47.076;15.494;2021-04-23T22:20:08;12.10;76.40
1504;DHT22;743;47.076;15.494;2021-04-23T22:22:37;12.50;77.30
1504;DHT22;743;47.076;15.494;2021-04-23T22:25:06;12.30;75.80
1504;DHT22;743;47.076;15.494;2021-04-23T22:27:33;12.30;77.20
1504;DHT22;743;47.076;15.494;2021-04-23T22:30:04;12.80;77.90
1504;DHT22;743;47.076;15.494;2021-04-23T22:32:32;12.10;77.10
1504;DHT22;743;47.076;15.494;2021-04-23T22:34:59;11.90;77.50
1504;DHT22;743;47.076;15.494;2021-04-23T22:37:26;12.20;78.10
1504;DHT22;743;47.076;15.494;2021-04-23T22:42:19;12.20;77.10
1504;DHT22;743;47.076;15.494;2021-04-23T22:44:46;12.10;77.70
1504;DHT22;743;47.076;15.494;2021-04-23T22:47:21;12.20;78.10
1504;DHT22;743;47.076;15.494;2021-04-23T22:49:50;12.20;77.60
1504;DHT22;743;47.076;15.494;2021-04-23T22:52:16;12.00;77.60
1504;DHT22;743;47.076;15.494;2021-04-23T22:57:10;12.10;74.10
1504;DHT22;743;47.076;15.494;2021-04-23T22:59:37;12.40;77.70
1504;DHT22;743;47.076;15.494;2021-04-23T23:02:04;12.30;74.60
1504;DHT22;743;47.076;15.494;2021-04-23T23:04:30;12.00;77.90
1504;DHT22;743;47.076;15.494;2021-04-23T23:06:58;12.10;75.10
1504;DHT22;743;47.076;15.494;2021-04-23T23:09:25;12.10;78.80
1504;DHT22;743;47.076;15.494;2021-04-23T23:11:52;12.20;79.70
1504;DHT22;743;47.076;15.494;2021-04-23T23:14:19;12.10;79.00
1504;DHT22;743;47.076;15.494;2021-04-23T23:16:46;11.90;79.20
1504;DHT22;743;47.076;15.494;2021-04-23T23:19:13;12.00;75.90
1504;DHT22;743;47.076;15.494;2021-04-23T23:21:39;11.90;76.00
1504;DHT22;743;47.076;15.494;2021-04-23T23:24:08;12.00;75.70
1504;DHT22;743;47.076;15.494;2021-04-23T23:26:35;12.00;79.70
1504;DHT22;743;47.076;15.494;2021-04-23T23:29:02;12.10;77.30
1504;DHT22;743;47.076;15.494;2021-04-23T23:31:29;12.00;76.30
1504;DHT22;743;47.076;15.494;2021-04-23T23:33:56;11.60;79.80
1504;DHT22;743;47.076;15.494;2021-04-23T23:36:27;12.00;76.60
1504;DHT22;743;47.076;15.494;2021-04-23T23:38:53;12.20;80.40
1504;DHT22;743;47.076;15.494;2021-04-23T23:41:23;11.90;80.20
1504;DHT22;743;47.076;15.494;2021-04-23T23:43:50;11.60;80.20
1504;DHT22;743;47.076;15.494;2021-04-23T23:46:17;12.00;80.00
1504;DHT22;743;47.076;15.494;2021-04-23T23:51:11;11.60;82.70
1504;DHT22;743;47.076;15.494;2021-04-23T23:53:37;11.30;82.20
1504;DHT22;743;47.076;15.494;2021-04-23T23:56:04;11.80;80.60
1504;DHT22;743;47.076;15.494;2021-04-23T23:58:32;12.00;81.90
